3868 321 481
15 281 3 0
16 281 3 0
17 281 3 0
123 187 2 1
18 281 3 0
124 187 2 1
19 281 3 0
125 187 2 1
20 281 3 0
126 187 2 1
21 281 3 0
127 187 2 1
128 187 2 1
129 187 2 1
105 351 2 1
130 187 2 1
106 351 2 1
107 351 2 1
108 351 2 1
109 351 2 1
110 351 2 1
111 351 2 1
14 164 3 0
15 164 3 0
16 164 3 0
17 164 3 0
18 164 3 0
19 164 3 0
20 164 3 0
119 234 2 1
120 234 2 1
121 234 2 1
97 398 2 1
122 234 2 1
98 398 2 1
17 328 3 0
123 234 2 1
99 398 2 1
18 328 3 0
124 234 2 1
100 398 2 1
19 328 3 0
125 234 2 1
101 398 2 1
20 328 3 0
102 398 2 1
21 328 3 0
103 398 2 1
22 328 3 0
23 328 3 0
15 211 3 0
16 211 3 0
17 211 3 0
74 445 2 1
18 211 3 0
75 445 2 1
19 211 3 0
76 445 2 1
20 211 3 0
77 445 2 1
21 211 3 0
78 445 2 1
79 445 2 1
80 445 2 1
81 445 2 1
82 445 2 1
114 281 2 1
115 281 2 1
116 281 2 1
117 281 2 1
118 281 2 1
119 281 2 1
120 281 2 1
15 258 3 0
16 258 3 0
17 258 3 0
18 258 3 0
19 258 3 0
125 164 2 1
20 258 3 0
126 164 2 1
21 258 3 0
127 164 2 1
128 164 2 1
129 164 2 1
130 164 2 1
131 164 2 1
107 328 2 1
108 328 2 1
109 328 2 1
110 328 2 1
111 328 2 1
112 328 2 1
113 328 2 1
114 328 2 1
15 305 3 0
121 211 2 1
16 305 3 0
122 211 2 1
17 305 3 0
123 211 2 1
18 305 3 0
124 211 2 1
19 305 3 0
125 211 2 1
101 375 2 1
20 305 3 0
126 211 2 1
102 375 2 1
21 305 3 0
127 211 2 1
103 375 2 1
104 375 2 1
105 375 2 1
106 375 2 1
107 375 2 1
14 188 3 0
15 188 3 0
16 188 3 0
17 188 3 0
18 188 3 0
19 188 3 0
20 188 3 0
90 422 2 1
91 422 2 1
116 258 2 1
92 422 2 1
117 258 2 1
93 422 2 1
118 258 2 1
94 422 2 1
119 258 2 1
95 422 2 1
120 258 2 1
96 422 2 1
121 258 2 1
97 422 2 1
122 258 2 1
98 422 2 1
20 352 3 0
21 352 3 0
22 352 3 0
23 352 3 0
24 352 3 0
25 352 3 0
26 352 3 0
15 235 3 0
16 235 3 0
17 235 3 0
18 235 3 0
19 235 3 0
20 235 3 0
21 235 3 0
127 141 2 1
128 141 2 1
129 141 2 1
130 141 2 1
131 141 2 1
132 141 2 1
133 141 2 1
111 305 2 1
112 305 2 1
113 305 2 1
114 305 2 1
115 305 2 1
116 305 2 1
117 305 2 1
15 282 3 0
16 282 3 0
17 282 3 0
123 188 2 1
18 282 3 0
124 188 2 1
19 282 3 0
125 188 2 1
20 282 3 0
126 188 2 1
21 282 3 0
127 188 2 1
128 188 2 1
129 188 2 1
105 352 2 1
106 352 2 1
107 352 2 1
108 352 2 1
109 352 2 1
110 352 2 1
111 352 2 1
14 165 3 0
15 165 3 0
16 165 3 0
17 165 3 0
18 165 3 0
19 165 3 0
20 165 3 0
119 235 2 1
120 235 2 1
121 235 2 1
97 399 2 1
122 235 2 1
98 399 2 1
17 329 3 0
123 235 2 1
99 399 2 1
18 329 3 0
124 235 2 1
100 399 2 1
19 329 3 0
125 235 2 1
101 399 2 1
20 329 3 0
102 399 2 1
21 329 3 0
103 399 2 1
22 329 3 0
23 329 3 0
15 212 3 0
16 212 3 0
73 446 2 1
17 212 3 0
74 446 2 1
18 212 3 0
75 446 2 1
19 212 3 0
76 446 2 1
20 212 3 0
77 446 2 1
21 212 3 0
78 446 2 1
79 446 2 1
80 446 2 1
81 446 2 1
114 282 2 1
115 282 2 1
116 282 2 1
117 282 2 1
118 282 2 1
119 282 2 1
120 282 2 1
15 259 3 0
16 259 3 0
17 259 3 0
18 259 3 0
19 259 3 0
125 165 2 1
20 259 3 0
126 165 2 1
21 259 3 0
127 165 2 1
128 165 2 1
129 165 2 1
130 165 2 1
131 165 2 1
107 329 2 1
108 329 2 1
109 329 2 1
110 329 2 1
111 329 2 1
112 329 2 1
113 329 2 1
15 306 3 0
121 212 2 1
16 306 3 0
122 212 2 1
17 306 3 0
123 212 2 1
18 306 3 0
124 212 2 1
19 306 3 0
125 212 2 1
101 376 2 1
20 306 3 0
126 212 2 1
102 376 2 1
21 306 3 0
127 212 2 1
103 376 2 1
104 376 2 1
105 376 2 1
106 376 2 1
107 376 2 1
14 189 3 0
15 189 3 0
16 189 3 0
17 189 3 0
18 189 3 0
19 189 3 0
20 189 3 0
90 423 2 1
91 423 2 1
116 259 2 1
92 423 2 1
117 259 2 1
93 423 2 1
118 259 2 1
94 423 2 1
119 259 2 1
95 423 2 1
120 259 2 1
96 423 2 1
121 259 2 1
97 423 2 1
122 259 2 1
20 353 3 0
21 353 3 0
22 353 3 0
23 353 3 0
24 353 3 0
25 353 3 0
26 353 3 0
15 236 3 0
16 236 3 0
17 236 3 0
18 236 3 0
19 236 3 0
20 236 3 0
21 236 3 0
127 142 2 1
128 142 2 1
129 142 2 1
130 142 2 1
131 142 2 1
132 142 2 1
133 142 2 1
111 306 2 1
112 306 2 1
113 306 2 1
114 306 2 1
115 306 2 1
116 306 2 1
117 306 2 1
15 283 3 0
16 283 3 0
17 283 3 0
123 189 2 1
18 283 3 0
124 189 2 1
19 283 3 0
125 189 2 1
20 283 3 0
126 189 2 1
21 283 3 0
127 189 2 1
128 189 2 1
129 189 2 1
105 353 2 1
106 353 2 1
107 353 2 1
108 353 2 1
109 353 2 1
110 353 2 1
111 353 2 1
14 166 3 0
15 166 3 0
16 166 3 0
17 166 3 0
18 166 3 0
19 166 3 0
20 166 3 0
119 236 2 1
120 236 2 1
121 236 2 1
97 400 2 1
122 236 2 1
98 400 2 1
17 330 3 0
123 236 2 1
99 400 2 1
18 330 3 0
124 236 2 1
100 400 2 1
19 330 3 0
125 236 2 1
101 400 2 1
20 330 3 0
102 400 2 1
21 330 3 0
103 400 2 1
22 330 3 0
23 330 3 0
15 213 3 0
72 447 2 1
16 213 3 0
73 447 2 1
17 213 3 0
74 447 2 1
18 213 3 0
75 447 2 1
19 213 3 0
76 447 2 1
20 213 3 0
77 447 2 1
21 213 3 0
78 447 2 1
79 447 2 1
80 447 2 1
113 283 2 1
114 283 2 1
115 283 2 1
116 283 2 1
117 283 2 1
118 283 2 1
119 283 2 1
120 283 2 1
15 260 3 0
16 260 3 0
17 260 3 0
18 260 3 0
19 260 3 0
125 166 2 1
20 260 3 0
126 166 2 1
21 260 3 0
127 166 2 1
128 166 2 1
129 166 2 1
130 166 2 1
131 166 2 1
107 330 2 1
108 330 2 1
109 330 2 1
110 330 2 1
111 330 2 1
112 330 2 1
113 330 2 1
15 307 3 0
121 213 2 1
16 307 3 0
122 213 2 1
17 307 3 0
123 213 2 1
18 307 3 0
124 213 2 1
19 307 3 0
125 213 2 1
101 377 2 1
20 307 3 0
126 213 2 1
102 377 2 1
21 307 3 0
127 213 2 1
103 377 2 1
104 377 2 1
105 377 2 1
106 377 2 1
107 377 2 1
14 190 3 0
15 190 3 0
16 190 3 0
17 190 3 0
18 190 3 0
19 190 3 0
20 190 3 0
89 424 2 1
90 424 2 1
91 424 2 1
116 260 2 1
92 424 2 1
117 260 2 1
93 424 2 1
118 260 2 1
94 424 2 1
119 260 2 1
95 424 2 1
120 260 2 1
96 424 2 1
121 260 2 1
97 424 2 1
122 260 2 1
20 354 3 0
21 354 3 0
22 354 3 0
23 354 3 0
24 354 3 0
25 354 3 0
26 354 3 0
15 237 3 0
16 237 3 0
17 237 3 0
18 237 3 0
19 237 3 0
20 237 3 0
21 237 3 0
127 143 2 1
128 143 2 1
129 143 2 1
130 143 2 1
131 143 2 1
132 143 2 1
133 143 2 1
111 307 2 1
112 307 2 1
113 307 2 1
114 307 2 1
115 307 2 1
116 307 2 1
117 307 2 1
15 284 3 0
16 284 3 0
122 190 2 1
17 284 3 0
123 190 2 1
18 284 3 0
124 190 2 1
19 284 3 0
125 190 2 1
20 284 3 0
126 190 2 1
21 284 3 0
127 190 2 1
128 190 2 1
129 190 2 1
105 354 2 1
106 354 2 1
107 354 2 1
108 354 2 1
109 354 2 1
110 354 2 1
111 354 2 1
13 167 3 0
14 167 3 0
15 167 3 0
16 167 3 0
17 167 3 0
18 167 3 0
19 167 3 0
20 167 3 0
119 237 2 1
120 237 2 1
121 237 2 1
97 401 2 1
122 237 2 1
98 401 2 1
17 331 3 0
123 237 2 1
99 401 2 1
18 331 3 0
124 237 2 1
100 401 2 1
19 331 3 0
125 237 2 1
101 401 2 1
20 331 3 0
102 401 2 1
21 331 3 0
103 401 2 1
22 331 3 0
23 331 3 0
71 448 2 1
15 214 3 0
72 448 2 1
16 214 3 0
73 448 2 1
17 214 3 0
74 448 2 1
18 214 3 0
75 448 2 1
19 214 3 0
76 448 2 1
20 214 3 0
77 448 2 1
21 214 3 0
78 448 2 1
79 448 2 1
113 284 2 1
114 284 2 1
115 284 2 1
116 284 2 1
117 284 2 1
118 284 2 1
119 284 2 1
15 261 3 0
16 261 3 0
17 261 3 0
18 261 3 0
19 261 3 0
125 167 2 1
20 261 3 0
126 167 2 1
21 261 3 0
127 167 2 1
128 167 2 1
129 167 2 1
130 167 2 1
131 167 2 1
107 331 2 1
108 331 2 1
109 331 2 1
110 331 2 1
111 331 2 1
112 331 2 1
113 331 2 1
15 308 3 0
121 214 2 1
16 308 3 0
122 214 2 1
17 308 3 0
123 214 2 1
18 308 3 0
124 214 2 1
19 308 3 0
125 214 2 1
101 378 2 1
20 308 3 0
126 214 2 1
102 378 2 1
21 308 3 0
127 214 2 1
103 378 2 1
104 378 2 1
105 378 2 1
106 378 2 1
107 378 2 1
15 191 3 0
16 191 3 0
17 191 3 0
18 191 3 0
19 191 3 0
20 191 3 0
21 191 3 0
89 425 2 1
90 425 2 1
91 425 2 1
116 261 2 1
92 425 2 1
117 261 2 1
93 425 2 1
118 261 2 1
94 425 2 1
119 261 2 1
95 425 2 1
120 261 2 1
96 425 2 1
121 261 2 1
122 261 2 1
20 355 3 0
21 355 3 0
22 355 3 0
23 355 3 0
24 355 3 0
25 355 3 0
26 355 3 0
15 238 3 0
16 238 3 0
17 238 3 0
18 238 3 0
19 238 3 0
20 238 3 0
21 238 3 0
127 144 2 1
128 144 2 1
129 144 2 1
130 144 2 1
131 144 2 1
132 144 2 1
133 144 2 1
111 308 2 1
112 308 2 1
113 308 2 1
114 308 2 1
115 308 2 1
116 308 2 1
117 308 2 1
15 285 3 0
16 285 3 0
122 191 2 1
17 285 3 0
123 191 2 1
18 285 3 0
124 191 2 1
19 285 3 0
125 191 2 1
20 285 3 0
126 191 2 1
21 285 3 0
127 191 2 1
128 191 2 1
104 355 2 1
105 355 2 1
106 355 2 1
107 355 2 1
108 355 2 1
109 355 2 1
110 355 2 1
111 355 2 1
13 168 3 0
14 168 3 0
15 168 3 0
16 168 3 0
17 168 3 0
18 168 3 0
19 168 3 0
119 238 2 1
120 238 2 1
96 402 2 1
121 238 2 1
97 402 2 1
122 238 2 1
98 402 2 1
17 332 3 0
123 238 2 1
99 402 2 1
18 332 3 0
124 238 2 1
100 402 2 1
19 332 3 0
125 238 2 1
101 402 2 1
20 332 3 0
102 402 2 1
21 332 3 0
103 402 2 1
22 332 3 0
23 332 3 0
70 449 2 1
71 449 2 1
15 215 3 0
72 449 2 1
16 215 3 0
73 449 2 1
17 215 3 0
74 449 2 1
18 215 3 0
75 449 2 1
19 215 3 0
76 449 2 1
20 215 3 0
77 449 2 1
21 215 3 0
78 449 2 1
79 449 2 1
113 285 2 1
114 285 2 1
115 285 2 1
116 285 2 1
117 285 2 1
118 285 2 1
119 285 2 1
15 262 3 0
16 262 3 0
17 262 3 0
18 262 3 0
19 262 3 0
125 168 2 1
20 262 3 0
126 168 2 1
21 262 3 0
127 168 2 1
128 168 2 1
129 168 2 1
130 168 2 1
131 168 2 1
107 332 2 1
108 332 2 1
109 332 2 1
110 332 2 1
111 332 2 1
112 332 2 1
113 332 2 1
15 309 3 0
121 215 2 1
16 309 3 0
122 215 2 1
17 309 3 0
123 215 2 1
18 309 3 0
124 215 2 1
100 379 2 1
19 309 3 0
125 215 2 1
101 379 2 1
20 309 3 0
126 215 2 1
102 379 2 1
21 309 3 0
127 215 2 1
103 379 2 1
104 379 2 1
105 379 2 1
106 379 2 1
107 379 2 1
15 192 3 0
16 192 3 0
17 192 3 0
18 192 3 0
19 192 3 0
20 192 3 0
21 192 3 0
88 426 2 1
89 426 2 1
90 426 2 1
91 426 2 1
116 262 2 1
92 426 2 1
117 262 2 1
93 426 2 1
118 262 2 1
94 426 2 1
119 262 2 1
95 426 2 1
120 262 2 1
121 262 2 1
122 262 2 1
21 356 3 0
22 356 3 0
23 356 3 0
24 356 3 0
25 356 3 0
26 356 3 0
27 356 3 0
15 239 3 0
16 239 3 0
17 239 3 0
18 239 3 0
19 239 3 0
20 239 3 0
21 239 3 0
127 145 2 1
128 145 2 1
129 145 2 1
130 145 2 1
131 145 2 1
132 145 2 1
133 145 2 1
111 309 2 1
112 309 2 1
113 309 2 1
114 309 2 1
115 309 2 1
116 309 2 1
117 309 2 1
15 286 3 0
16 286 3 0
122 192 2 1
17 286 3 0
123 192 2 1
18 286 3 0
124 192 2 1
19 286 3 0
125 192 2 1
20 286 3 0
126 192 2 1
21 286 3 0
127 192 2 1
128 192 2 1
104 356 2 1
105 356 2 1
106 356 2 1
107 356 2 1
108 356 2 1
109 356 2 1
110 356 2 1
13 169 3 0
14 169 3 0
15 169 3 0
16 169 3 0
17 169 3 0
18 169 3 0
19 169 3 0
118 239 2 1
119 239 2 1
120 239 2 1
96 403 2 1
121 239 2 1
97 403 2 1
122 239 2 1
98 403 2 1
123 239 2 1
99 403 2 1
18 333 3 0
124 239 2 1
100 403 2 1
19 333 3 0
125 239 2 1
101 403 2 1
20 333 3 0
102 403 2 1
21 333 3 0
22 333 3 0
23 333 3 0
24 333 3 0
69 450 2 1
70 450 2 1
71 450 2 1
15 216 3 0
72 450 2 1
16 216 3 0
73 450 2 1
17 216 3 0
74 450 2 1
18 216 3 0
75 450 2 1
19 216 3 0
76 450 2 1
20 216 3 0
77 450 2 1
21 216 3 0
78 450 2 1
112 286 2 1
113 286 2 1
114 286 2 1
115 286 2 1
116 286 2 1
117 286 2 1
118 286 2 1
119 286 2 1
15 263 3 0
16 263 3 0
17 263 3 0
18 263 3 0
19 263 3 0
125 169 2 1
20 263 3 0
126 169 2 1
21 263 3 0
127 169 2 1
128 169 2 1
129 169 2 1
130 169 2 1
106 333 2 1
131 169 2 1
107 333 2 1
108 333 2 1
109 333 2 1
110 333 2 1
111 333 2 1
112 333 2 1
113 333 2 1
15 310 3 0
121 216 2 1
16 310 3 0
122 216 2 1
17 310 3 0
123 216 2 1
18 310 3 0
124 216 2 1
100 380 2 1
19 310 3 0
125 216 2 1
101 380 2 1
20 310 3 0
126 216 2 1
102 380 2 1
21 310 3 0
127 216 2 1
103 380 2 1
104 380 2 1
105 380 2 1
106 380 2 1
15 193 3 0
16 193 3 0
17 193 3 0
18 193 3 0
19 193 3 0
20 193 3 0
21 193 3 0
87 427 2 1
88 427 2 1
89 427 2 1
90 427 2 1
91 427 2 1
116 263 2 1
92 427 2 1
117 263 2 1
93 427 2 1
118 263 2 1
94 427 2 1
119 263 2 1
95 427 2 1
120 263 2 1
121 263 2 1
122 263 2 1
21 357 3 0
22 357 3 0
23 357 3 0
24 357 3 0
25 357 3 0
26 357 3 0
27 357 3 0
15 240 3 0
16 240 3 0
17 240 3 0
18 240 3 0
19 240 3 0
20 240 3 0
21 240 3 0
127 146 2 1
128 146 2 1
129 146 2 1
130 146 2 1
131 146 2 1
132 146 2 1
133 146 2 1
110 310 2 1
111 310 2 1
112 310 2 1
113 310 2 1
114 310 2 1
115 310 2 1
116 310 2 1
117 310 2 1
15 287 3 0
16 287 3 0
122 193 2 1
17 287 3 0
123 193 2 1
18 287 3 0
124 193 2 1
19 287 3 0
125 193 2 1
20 287 3 0
126 193 2 1
21 287 3 0
127 193 2 1
128 193 2 1
104 357 2 1
105 357 2 1
106 357 2 1
107 357 2 1
108 357 2 1
109 357 2 1
110 357 2 1
13 170 3 0
14 170 3 0
15 170 3 0
16 170 3 0
17 170 3 0
18 170 3 0
19 170 3 0
118 240 2 1
119 240 2 1
95 404 2 1
120 240 2 1
96 404 2 1
121 240 2 1
97 404 2 1
122 240 2 1
98 404 2 1
123 240 2 1
99 404 2 1
18 334 3 0
124 240 2 1
100 404 2 1
19 334 3 0
101 404 2 1
20 334 3 0
102 404 2 1
21 334 3 0
22 334 3 0
23 334 3 0
24 334 3 0
67 451 2 1
68 451 2 1
69 451 2 1
70 451 2 1
71 451 2 1
15 217 3 0
72 451 2 1
16 217 3 0
73 451 2 1
17 217 3 0
74 451 2 1
18 217 3 0
75 451 2 1
19 217 3 0
76 451 2 1
20 217 3 0
77 451 2 1
21 217 3 0
112 287 2 1
113 287 2 1
114 287 2 1
115 287 2 1
116 287 2 1
117 287 2 1
118 287 2 1
15 264 3 0
16 264 3 0
17 264 3 0
18 264 3 0
19 264 3 0
125 170 2 1
20 264 3 0
126 170 2 1
21 264 3 0
127 170 2 1
128 170 2 1
129 170 2 1
130 170 2 1
106 334 2 1
131 170 2 1
107 334 2 1
108 334 2 1
109 334 2 1
110 334 2 1
111 334 2 1
112 334 2 1
15 311 3 0
121 217 2 1
16 311 3 0
122 217 2 1
17 311 3 0
123 217 2 1
18 311 3 0
124 217 2 1
100 381 2 1
19 311 3 0
125 217 2 1
101 381 2 1
20 311 3 0
126 217 2 1
102 381 2 1
21 311 3 0
127 217 2 1
103 381 2 1
104 381 2 1
105 381 2 1
106 381 2 1
15 194 3 0
16 194 3 0
17 194 3 0
18 194 3 0
19 194 3 0
20 194 3 0
21 194 3 0
87 428 2 1
88 428 2 1
89 428 2 1
90 428 2 1
115 264 2 1
91 428 2 1
116 264 2 1
92 428 2 1
117 264 2 1
93 428 2 1
118 264 2 1
94 428 2 1
119 264 2 1
120 264 2 1
121 264 2 1
122 264 2 1
21 358 3 0
22 358 3 0
23 358 3 0
24 358 3 0
25 358 3 0
26 358 3 0
27 358 3 0
15 241 3 0
16 241 3 0
17 241 3 0
18 241 3 0
19 241 3 0
20 241 3 0
21 241 3 0
127 147 2 1
128 147 2 1
129 147 2 1
130 147 2 1
131 147 2 1
132 147 2 1
133 147 2 1
110 311 2 1
111 311 2 1
112 311 2 1
113 311 2 1
114 311 2 1
115 311 2 1
116 311 2 1
15 288 3 0
121 194 2 1
16 288 3 0
122 194 2 1
17 288 3 0
123 194 2 1
18 288 3 0
124 194 2 1
19 288 3 0
125 194 2 1
20 288 3 0
126 194 2 1
21 288 3 0
127 194 2 1
128 194 2 1
104 358 2 1
105 358 2 1
106 358 2 1
107 358 2 1
108 358 2 1
109 358 2 1
110 358 2 1
13 171 3 0
14 171 3 0
15 171 3 0
16 171 3 0
17 171 3 0
18 171 3 0
19 171 3 0
118 241 2 1
119 241 2 1
95 405 2 1
120 241 2 1
96 405 2 1
121 241 2 1
97 405 2 1
122 241 2 1
98 405 2 1
123 241 2 1
99 405 2 1
18 335 3 0
124 241 2 1
100 405 2 1
19 335 3 0
101 405 2 1
20 335 3 0
21 335 3 0
22 335 3 0
23 335 3 0
24 335 3 0
67 452 2 1
68 452 2 1
69 452 2 1
70 452 2 1
71 452 2 1
15 218 3 0
72 452 2 1
16 218 3 0
73 452 2 1
17 218 3 0
74 452 2 1
18 218 3 0
75 452 2 1
19 218 3 0
76 452 2 1
20 218 3 0
21 218 3 0
112 288 2 1
113 288 2 1
114 288 2 1
115 288 2 1
116 288 2 1
117 288 2 1
118 288 2 1
15 265 3 0
16 265 3 0
17 265 3 0
18 265 3 0
19 265 3 0
125 171 2 1
20 265 3 0
126 171 2 1
21 265 3 0
127 171 2 1
128 171 2 1
129 171 2 1
130 171 2 1
106 335 2 1
131 171 2 1
107 335 2 1
108 335 2 1
109 335 2 1
110 335 2 1
111 335 2 1
112 335 2 1
15 312 3 0
121 218 2 1
16 312 3 0
122 218 2 1
17 312 3 0
123 218 2 1
18 312 3 0
124 218 2 1
100 382 2 1
19 312 3 0
125 218 2 1
101 382 2 1
20 312 3 0
126 218 2 1
102 382 2 1
21 312 3 0
127 218 2 1
103 382 2 1
104 382 2 1
105 382 2 1
106 382 2 1
15 195 3 0
16 195 3 0
17 195 3 0
18 195 3 0
19 195 3 0
20 195 3 0
21 195 3 0
86 429 2 1
87 429 2 1
88 429 2 1
89 429 2 1
90 429 2 1
115 265 2 1
91 429 2 1
116 265 2 1
92 429 2 1
117 265 2 1
93 429 2 1
118 265 2 1
94 429 2 1
119 265 2 1
120 265 2 1
121 265 2 1
22 359 3 0
23 359 3 0
24 359 3 0
25 359 3 0
26 359 3 0
27 359 3 0
28 359 3 0
15 242 3 0
16 242 3 0
17 242 3 0
18 242 3 0
19 242 3 0
20 242 3 0
21 242 3 0
127 148 2 1
128 148 2 1
129 148 2 1
130 148 2 1
131 148 2 1
132 148 2 1
133 148 2 1
110 312 2 1
111 312 2 1
112 312 2 1
113 312 2 1
114 312 2 1
115 312 2 1
116 312 2 1
15 289 3 0
121 195 2 1
16 289 3 0
122 195 2 1
17 289 3 0
123 195 2 1
18 289 3 0
124 195 2 1
19 289 3 0
125 195 2 1
20 289 3 0
126 195 2 1
21 289 3 0
127 195 2 1
104 359 2 1
105 359 2 1
106 359 2 1
107 359 2 1
108 359 2 1
109 359 2 1
110 359 2 1
13 172 3 0
14 172 3 0
15 172 3 0
16 172 3 0
17 172 3 0
18 172 3 0
19 172 3 0
117 242 2 1
118 242 2 1
119 242 2 1
95 406 2 1
120 242 2 1
96 406 2 1
121 242 2 1
97 406 2 1
122 242 2 1
98 406 2 1
123 242 2 1
99 406 2 1
18 336 3 0
124 242 2 1
100 406 2 1
19 336 3 0
101 406 2 1
20 336 3 0
21 336 3 0
22 336 3 0
23 336 3 0
24 336 3 0
66 453 2 1
67 453 2 1
68 453 2 1
69 453 2 1
70 453 2 1
71 453 2 1
15 219 3 0
72 453 2 1
16 219 3 0
73 453 2 1
17 219 3 0
74 453 2 1
18 219 3 0
75 453 2 1
19 219 3 0
20 219 3 0
21 219 3 0
112 289 2 1
113 289 2 1
114 289 2 1
115 289 2 1
116 289 2 1
117 289 2 1
118 289 2 1
15 266 3 0
16 266 3 0
17 266 3 0
18 266 3 0
19 266 3 0
125 172 2 1
20 266 3 0
126 172 2 1
21 266 3 0
127 172 2 1
128 172 2 1
129 172 2 1
130 172 2 1
106 336 2 1
131 172 2 1
107 336 2 1
108 336 2 1
109 336 2 1
110 336 2 1
111 336 2 1
112 336 2 1
15 313 3 0
121 219 2 1
16 313 3 0
122 219 2 1
17 313 3 0
123 219 2 1
18 313 3 0
124 219 2 1
100 383 2 1
19 313 3 0
125 219 2 1
101 383 2 1
20 313 3 0
126 219 2 1
102 383 2 1
21 313 3 0
127 219 2 1
103 383 2 1
104 383 2 1
105 383 2 1
106 383 2 1
15 196 3 0
16 196 3 0
17 196 3 0
18 196 3 0
19 196 3 0
20 196 3 0
21 196 3 0
86 430 2 1
87 430 2 1
88 430 2 1
89 430 2 1
114 266 2 1
90 430 2 1
115 266 2 1
91 430 2 1
116 266 2 1
92 430 2 1
117 266 2 1
93 430 2 1
118 266 2 1
119 266 2 1
120 266 2 1
121 266 2 1
22 360 3 0
23 360 3 0
24 360 3 0
25 360 3 0
26 360 3 0
27 360 3 0
28 360 3 0
15 243 3 0
16 243 3 0
17 243 3 0
18 243 3 0
19 243 3 0
20 243 3 0
21 243 3 0
127 149 2 1
128 149 2 1
129 149 2 1
130 149 2 1
131 149 2 1
132 149 2 1
133 149 2 1
110 313 2 1
111 313 2 1
112 313 2 1
113 313 2 1
114 313 2 1
115 313 2 1
116 313 2 1
15 290 3 0
121 196 2 1
16 290 3 0
122 196 2 1
17 290 3 0
123 196 2 1
18 290 3 0
124 196 2 1
19 290 3 0
125 196 2 1
20 290 3 0
126 196 2 1
21 290 3 0
127 196 2 1
103 360 2 1
104 360 2 1
105 360 2 1
106 360 2 1
107 360 2 1
108 360 2 1
109 360 2 1
110 360 2 1
13 173 3 0
14 173 3 0
15 173 3 0
16 173 3 0
17 173 3 0
18 173 3 0
19 173 3 0
117 243 2 1
118 243 2 1
119 243 2 1
95 407 2 1
120 243 2 1
96 407 2 1
121 243 2 1
97 407 2 1
122 243 2 1
98 407 2 1
123 243 2 1
99 407 2 1
18 337 3 0
100 407 2 1
19 337 3 0
101 407 2 1
20 337 3 0
21 337 3 0
22 337 3 0
23 337 3 0
24 337 3 0
66 454 2 1
67 454 2 1
68 454 2 1
69 454 2 1
70 454 2 1
71 454 2 1
15 220 3 0
72 454 2 1
16 220 3 0
73 454 2 1
17 220 3 0
74 454 2 1
18 220 3 0
19 220 3 0
20 220 3 0
21 220 3 0
112 290 2 1
113 290 2 1
114 290 2 1
115 290 2 1
116 290 2 1
117 290 2 1
118 290 2 1
15 267 3 0
16 267 3 0
17 267 3 0
18 267 3 0
124 173 2 1
19 267 3 0
125 173 2 1
20 267 3 0
126 173 2 1
21 267 3 0
127 173 2 1
128 173 2 1
129 173 2 1
130 173 2 1
106 337 2 1
131 173 2 1
107 337 2 1
108 337 2 1
109 337 2 1
110 337 2 1
111 337 2 1
112 337 2 1
121 220 2 1
16 314 3 0
122 220 2 1
17 314 3 0
123 220 2 1
18 314 3 0
124 220 2 1
100 384 2 1
19 314 3 0
125 220 2 1
101 384 2 1
20 314 3 0
126 220 2 1
102 384 2 1
21 314 3 0
127 220 2 1
103 384 2 1
22 314 3 0
104 384 2 1
105 384 2 1
106 384 2 1
15 197 3 0
16 197 3 0
17 197 3 0
18 197 3 0
19 197 3 0
20 197 3 0
21 197 3 0
85 431 2 1
86 431 2 1
87 431 2 1
88 431 2 1
114 267 2 1
89 431 2 1
115 267 2 1
90 431 2 1
116 267 2 1
91 431 2 1
117 267 2 1
92 431 2 1
118 267 2 1
119 267 2 1
120 267 2 1
22 361 3 0
23 361 3 0
24 361 3 0
25 361 3 0
26 361 3 0
27 361 3 0
28 361 3 0
15 244 3 0
16 244 3 0
17 244 3 0
18 244 3 0
19 244 3 0
20 244 3 0
21 244 3 0
127 150 2 1
128 150 2 1
129 150 2 1
130 150 2 1
131 150 2 1
132 150 2 1
133 150 2 1
110 314 2 1
111 314 2 1
112 314 2 1
113 314 2 1
114 314 2 1
115 314 2 1
116 314 2 1
15 291 3 0
121 197 2 1
16 291 3 0
122 197 2 1
17 291 3 0
123 197 2 1
18 291 3 0
124 197 2 1
19 291 3 0
125 197 2 1
20 291 3 0
126 197 2 1
21 291 3 0
127 197 2 1
103 361 2 1
104 361 2 1
105 361 2 1
106 361 2 1
107 361 2 1
108 361 2 1
109 361 2 1
13 174 3 0
14 174 3 0
15 174 3 0
16 174 3 0
17 174 3 0
18 174 3 0
19 174 3 0
117 244 2 1
118 244 2 1
119 244 2 1
120 244 2 1
95 408 2 1
121 244 2 1
96 408 2 1
122 244 2 1
97 408 2 1
123 244 2 1
98 408 2 1
99 408 2 1
18 338 3 0
100 408 2 1
19 338 3 0
101 408 2 1
20 338 3 0
21 338 3 0
22 338 3 0
23 338 3 0
24 338 3 0
67 455 2 1
68 455 2 1
69 455 2 1
70 455 2 1
15 221 3 0
71 455 2 1
16 221 3 0
72 455 2 1
17 221 3 0
73 455 2 1
18 221 3 0
19 221 3 0
20 221 3 0
21 221 3 0
112 291 2 1
113 291 2 1
114 291 2 1
115 291 2 1
116 291 2 1
117 291 2 1
118 291 2 1
15 268 3 0
16 268 3 0
17 268 3 0
124 174 2 1
18 268 3 0
125 174 2 1
19 268 3 0
126 174 2 1
20 268 3 0
127 174 2 1
21 268 3 0
128 174 2 1
129 174 2 1
130 174 2 1
105 338 2 1
106 338 2 1
107 338 2 1
108 338 2 1
109 338 2 1
110 338 2 1
111 338 2 1
112 338 2 1
121 221 2 1
16 315 3 0
122 221 2 1
17 315 3 0
123 221 2 1
18 315 3 0
124 221 2 1
100 385 2 1
19 315 3 0
125 221 2 1
101 385 2 1
20 315 3 0
126 221 2 1
102 385 2 1
21 315 3 0
127 221 2 1
103 385 2 1
22 315 3 0
104 385 2 1
105 385 2 1
106 385 2 1
15 198 3 0
16 198 3 0
17 198 3 0
18 198 3 0
19 198 3 0
20 198 3 0
21 198 3 0
84 432 2 1
85 432 2 1
86 432 2 1
87 432 2 1
88 432 2 1
89 432 2 1
114 268 2 1
90 432 2 1
115 268 2 1
91 432 2 1
116 268 2 1
117 268 2 1
118 268 2 1
119 268 2 1
120 268 2 1
22 362 3 0
23 362 3 0
24 362 3 0
25 362 3 0
26 362 3 0
27 362 3 0
28 362 3 0
29 362 3 0
15 245 3 0
16 245 3 0
17 245 3 0
18 245 3 0
19 245 3 0
20 245 3 0
127 151 2 1
21 245 3 0
128 151 2 1
129 151 2 1
130 151 2 1
131 151 2 1
132 151 2 1
133 151 2 1
110 315 2 1
111 315 2 1
112 315 2 1
113 315 2 1
114 315 2 1
115 315 2 1
116 315 2 1
15 292 3 0
121 198 2 1
16 292 3 0
122 198 2 1
17 292 3 0
123 198 2 1
18 292 3 0
124 198 2 1
19 292 3 0
125 198 2 1
20 292 3 0
126 198 2 1
21 292 3 0
127 198 2 1
103 362 2 1
104 362 2 1
105 362 2 1
106 362 2 1
107 362 2 1
108 362 2 1
109 362 2 1
13 175 3 0
14 175 3 0
15 175 3 0
16 175 3 0
17 175 3 0
18 175 3 0
19 175 3 0
116 245 2 1
117 245 2 1
118 245 2 1
119 245 2 1
95 409 2 1
120 245 2 1
96 409 2 1
121 245 2 1
97 409 2 1
122 245 2 1
98 409 2 1
123 245 2 1
99 409 2 1
18 339 3 0
100 409 2 1
19 339 3 0
101 409 2 1
20 339 3 0
21 339 3 0
22 339 3 0
23 339 3 0
24 339 3 0
67 456 2 1
68 456 2 1
69 456 2 1
70 456 2 1
71 456 2 1
15 222 3 0
16 222 3 0
17 222 3 0
18 222 3 0
19 222 3 0
20 222 3 0
21 222 3 0
112 292 2 1
113 292 2 1
114 292 2 1
115 292 2 1
116 292 2 1
117 292 2 1
118 292 2 1
15 269 3 0
16 269 3 0
17 269 3 0
18 269 3 0
124 175 2 1
19 269 3 0
125 175 2 1
20 269 3 0
126 175 2 1
21 269 3 0
127 175 2 1
128 175 2 1
129 175 2 1
105 339 2 1
130 175 2 1
106 339 2 1
107 339 2 1
108 339 2 1
109 339 2 1
110 339 2 1
111 339 2 1
121 222 2 1
16 316 3 0
122 222 2 1
17 316 3 0
123 222 2 1
18 316 3 0
124 222 2 1
100 386 2 1
19 316 3 0
125 222 2 1
101 386 2 1
20 316 3 0
126 222 2 1
102 386 2 1
21 316 3 0
127 222 2 1
103 386 2 1
22 316 3 0
104 386 2 1
105 386 2 1
106 386 2 1
15 199 3 0
16 199 3 0
17 199 3 0
18 199 3 0
19 199 3 0
20 199 3 0
21 199 3 0
84 433 2 1
85 433 2 1
86 433 2 1
87 433 2 1
88 433 2 1
89 433 2 1
114 269 2 1
90 433 2 1
115 269 2 1
91 433 2 1
116 269 2 1
117 269 2 1
118 269 2 1
119 269 2 1
120 269 2 1
23 363 3 0
24 363 3 0
25 363 3 0
26 363 3 0
27 363 3 0
28 363 3 0
29 363 3 0
15 246 3 0
16 246 3 0
17 246 3 0
18 246 3 0
19 246 3 0
20 246 3 0
21 246 3 0
127 152 2 1
128 152 2 1
129 152 2 1
130 152 2 1
131 152 2 1
132 152 2 1
133 152 2 1
110 316 2 1
111 316 2 1
112 316 2 1
113 316 2 1
114 316 2 1
115 316 2 1
116 316 2 1
15 293 3 0
121 199 2 1
16 293 3 0
122 199 2 1
17 293 3 0
123 199 2 1
18 293 3 0
124 199 2 1
19 293 3 0
125 199 2 1
20 293 3 0
126 199 2 1
21 293 3 0
127 199 2 1
103 363 2 1
104 363 2 1
105 363 2 1
106 363 2 1
107 363 2 1
108 363 2 1
109 363 2 1
13 176 3 0
14 176 3 0
15 176 3 0
16 176 3 0
17 176 3 0
18 176 3 0
19 176 3 0
116 246 2 1
117 246 2 1
118 246 2 1
94 410 2 1
119 246 2 1
95 410 2 1
120 246 2 1
96 410 2 1
121 246 2 1
97 410 2 1
122 246 2 1
98 410 2 1
99 410 2 1
18 340 3 0
100 410 2 1
19 340 3 0
101 410 2 1
20 340 3 0
21 340 3 0
22 340 3 0
23 340 3 0
24 340 3 0
69 457 2 1
15 223 3 0
16 223 3 0
17 223 3 0
18 223 3 0
19 223 3 0
20 223 3 0
21 223 3 0
112 293 2 1
113 293 2 1
114 293 2 1
115 293 2 1
116 293 2 1
117 293 2 1
118 293 2 1
15 270 3 0
16 270 3 0
17 270 3 0
18 270 3 0
124 176 2 1
19 270 3 0
125 176 2 1
20 270 3 0
126 176 2 1
21 270 3 0
127 176 2 1
128 176 2 1
129 176 2 1
105 340 2 1
130 176 2 1
106 340 2 1
107 340 2 1
108 340 2 1
109 340 2 1
110 340 2 1
111 340 2 1
121 223 2 1
16 317 3 0
122 223 2 1
17 317 3 0
123 223 2 1
99 387 2 1
18 317 3 0
124 223 2 1
100 387 2 1
19 317 3 0
125 223 2 1
101 387 2 1
20 317 3 0
126 223 2 1
102 387 2 1
21 317 3 0
127 223 2 1
103 387 2 1
22 317 3 0
104 387 2 1
105 387 2 1
106 387 2 1
15 200 3 0
16 200 3 0
17 200 3 0
18 200 3 0
19 200 3 0
20 200 3 0
21 200 3 0
83 434 2 1
84 434 2 1
85 434 2 1
86 434 2 1
87 434 2 1
88 434 2 1
89 434 2 1
114 270 2 1
90 434 2 1
115 270 2 1
116 270 2 1
117 270 2 1
118 270 2 1
119 270 2 1
120 270 2 1
23 364 3 0
24 364 3 0
25 364 3 0
26 364 3 0
27 364 3 0
28 364 3 0
29 364 3 0
15 247 3 0
16 247 3 0
17 247 3 0
18 247 3 0
19 247 3 0
20 247 3 0
21 247 3 0
127 153 2 1
128 153 2 1
129 153 2 1
130 153 2 1
131 153 2 1
132 153 2 1
133 153 2 1
110 317 2 1
111 317 2 1
112 317 2 1
113 317 2 1
114 317 2 1
115 317 2 1
116 317 2 1
15 294 3 0
121 200 2 1
16 294 3 0
122 200 2 1
17 294 3 0
123 200 2 1
18 294 3 0
124 200 2 1
19 294 3 0
125 200 2 1
20 294 3 0
126 200 2 1
102 364 2 1
21 294 3 0
127 200 2 1
103 364 2 1
104 364 2 1
105 364 2 1
106 364 2 1
107 364 2 1
108 364 2 1
109 364 2 1
13 177 3 0
14 177 3 0
15 177 3 0
16 177 3 0
17 177 3 0
18 177 3 0
19 177 3 0
116 247 2 1
117 247 2 1
118 247 2 1
94 411 2 1
119 247 2 1
95 411 2 1
120 247 2 1
96 411 2 1
121 247 2 1
97 411 2 1
122 247 2 1
98 411 2 1
99 411 2 1
18 341 3 0
100 411 2 1
19 341 3 0
20 341 3 0
21 341 3 0
22 341 3 0
23 341 3 0
24 341 3 0
15 224 3 0
16 224 3 0
17 224 3 0
18 224 3 0
19 224 3 0
20 224 3 0
21 224 3 0
112 294 2 1
113 294 2 1
114 294 2 1
115 294 2 1
116 294 2 1
117 294 2 1
118 294 2 1
15 271 3 0
16 271 3 0
17 271 3 0
18 271 3 0
124 177 2 1
19 271 3 0
125 177 2 1
20 271 3 0
126 177 2 1
21 271 3 0
127 177 2 1
128 177 2 1
129 177 2 1
105 341 2 1
130 177 2 1
106 341 2 1
107 341 2 1
108 341 2 1
109 341 2 1
110 341 2 1
111 341 2 1
121 224 2 1
16 318 3 0
122 224 2 1
17 318 3 0
123 224 2 1
99 388 2 1
18 318 3 0
124 224 2 1
100 388 2 1
19 318 3 0
125 224 2 1
101 388 2 1
20 318 3 0
126 224 2 1
102 388 2 1
21 318 3 0
127 224 2 1
103 388 2 1
22 318 3 0
104 388 2 1
105 388 2 1
15 201 3 0
16 201 3 0
17 201 3 0
18 201 3 0
19 201 3 0
20 201 3 0
21 201 3 0
82 435 2 1
83 435 2 1
84 435 2 1
85 435 2 1
86 435 2 1
87 435 2 1
88 435 2 1
89 435 2 1
114 271 2 1
90 435 2 1
115 271 2 1
116 271 2 1
117 271 2 1
118 271 2 1
119 271 2 1
120 271 2 1
23 365 3 0
24 365 3 0
25 365 3 0
26 365 3 0
27 365 3 0
28 365 3 0
29 365 3 0
15 248 3 0
16 248 3 0
17 248 3 0
18 248 3 0
19 248 3 0
20 248 3 0
21 248 3 0
127 154 2 1
128 154 2 1
129 154 2 1
130 154 2 1
131 154 2 1
132 154 2 1
133 154 2 1
109 318 2 1
110 318 2 1
111 318 2 1
112 318 2 1
113 318 2 1
114 318 2 1
115 318 2 1
116 318 2 1
15 295 3 0
121 201 2 1
16 295 3 0
122 201 2 1
17 295 3 0
123 201 2 1
18 295 3 0
124 201 2 1
19 295 3 0
125 201 2 1
20 295 3 0
126 201 2 1
102 365 2 1
21 295 3 0
127 201 2 1
103 365 2 1
104 365 2 1
105 365 2 1
106 365 2 1
107 365 2 1
108 365 2 1
13 178 3 0
14 178 3 0
15 178 3 0
16 178 3 0
17 178 3 0
18 178 3 0
19 178 3 0
116 248 2 1
117 248 2 1
93 412 2 1
118 248 2 1
94 412 2 1
119 248 2 1
95 412 2 1
120 248 2 1
96 412 2 1
121 248 2 1
97 412 2 1
122 248 2 1
98 412 2 1
99 412 2 1
18 342 3 0
100 412 2 1
19 342 3 0
20 342 3 0
21 342 3 0
22 342 3 0
23 342 3 0
24 342 3 0
15 225 3 0
16 225 3 0
17 225 3 0
18 225 3 0
19 225 3 0
20 225 3 0
21 225 3 0
112 295 2 1
113 295 2 1
114 295 2 1
115 295 2 1
116 295 2 1
117 295 2 1
118 295 2 1
15 272 3 0
16 272 3 0
17 272 3 0
18 272 3 0
124 178 2 1
19 272 3 0
125 178 2 1
20 272 3 0
126 178 2 1
21 272 3 0
127 178 2 1
128 178 2 1
129 178 2 1
105 342 2 1
130 178 2 1
106 342 2 1
107 342 2 1
108 342 2 1
109 342 2 1
110 342 2 1
111 342 2 1
17 155 3 0
121 225 2 1
16 319 3 0
122 225 2 1
98 389 2 1
17 319 3 0
123 225 2 1
99 389 2 1
18 319 3 0
124 225 2 1
100 389 2 1
19 319 3 0
125 225 2 1
101 389 2 1
20 319 3 0
126 225 2 1
102 389 2 1
21 319 3 0
127 225 2 1
103 389 2 1
22 319 3 0
104 389 2 1
105 389 2 1
15 202 3 0
16 202 3 0
17 202 3 0
18 202 3 0
19 202 3 0
20 202 3 0
21 202 3 0
81 436 2 1
82 436 2 1
83 436 2 1
84 436 2 1
85 436 2 1
86 436 2 1
87 436 2 1
88 436 2 1
89 436 2 1
114 272 2 1
115 272 2 1
116 272 2 1
117 272 2 1
118 272 2 1
119 272 2 1
120 272 2 1
23 366 3 0
24 366 3 0
25 366 3 0
26 366 3 0
27 366 3 0
28 366 3 0
29 366 3 0
15 249 3 0
16 249 3 0
17 249 3 0
18 249 3 0
19 249 3 0
20 249 3 0
126 155 2 1
21 249 3 0
127 155 2 1
128 155 2 1
129 155 2 1
130 155 2 1
131 155 2 1
132 155 2 1
133 155 2 1
109 319 2 1
110 319 2 1
111 319 2 1
112 319 2 1
113 319 2 1
114 319 2 1
115 319 2 1
15 296 3 0
121 202 2 1
16 296 3 0
122 202 2 1
17 296 3 0
123 202 2 1
18 296 3 0
124 202 2 1
19 296 3 0
125 202 2 1
20 296 3 0
126 202 2 1
102 366 2 1
21 296 3 0
127 202 2 1
103 366 2 1
104 366 2 1
105 366 2 1
106 366 2 1
107 366 2 1
108 366 2 1
13 179 3 0
14 179 3 0
15 179 3 0
16 179 3 0
17 179 3 0
18 179 3 0
19 179 3 0
116 249 2 1
117 249 2 1
93 413 2 1
118 249 2 1
94 413 2 1
119 249 2 1
95 413 2 1
120 249 2 1
96 413 2 1
121 249 2 1
97 413 2 1
122 249 2 1
98 413 2 1
99 413 2 1
18 343 3 0
19 343 3 0
20 343 3 0
21 343 3 0
22 343 3 0
23 343 3 0
24 343 3 0
15 226 3 0
16 226 3 0
17 226 3 0
18 226 3 0
19 226 3 0
20 226 3 0
21 226 3 0
112 296 2 1
113 296 2 1
114 296 2 1
115 296 2 1
116 296 2 1
117 296 2 1
118 296 2 1
15 273 3 0
16 273 3 0
17 273 3 0
18 273 3 0
124 179 2 1
19 273 3 0
125 179 2 1
20 273 3 0
126 179 2 1
21 273 3 0
127 179 2 1
128 179 2 1
129 179 2 1
105 343 2 1
130 179 2 1
106 343 2 1
107 343 2 1
108 343 2 1
109 343 2 1
110 343 2 1
111 343 2 1
15 156 3 0
16 156 3 0
17 156 3 0
18 156 3 0
19 156 3 0
121 226 2 1
16 320 3 0
122 226 2 1
98 390 2 1
17 320 3 0
123 226 2 1
99 390 2 1
18 320 3 0
124 226 2 1
100 390 2 1
19 320 3 0
125 226 2 1
101 390 2 1
20 320 3 0
126 226 2 1
102 390 2 1
21 320 3 0
127 226 2 1
103 390 2 1
22 320 3 0
104 390 2 1
15 203 3 0
16 203 3 0
17 203 3 0
18 203 3 0
19 203 3 0
20 203 3 0
21 203 3 0
81 437 2 1
82 437 2 1
83 437 2 1
84 437 2 1
85 437 2 1
86 437 2 1
87 437 2 1
88 437 2 1
114 273 2 1
115 273 2 1
116 273 2 1
117 273 2 1
118 273 2 1
119 273 2 1
120 273 2 1
23 367 3 0
24 367 3 0
25 367 3 0
26 367 3 0
27 367 3 0
28 367 3 0
29 367 3 0
15 250 3 0
16 250 3 0
17 250 3 0
18 250 3 0
19 250 3 0
20 250 3 0
126 156 2 1
21 250 3 0
127 156 2 1
128 156 2 1
129 156 2 1
130 156 2 1
131 156 2 1
132 156 2 1
109 320 2 1
110 320 2 1
111 320 2 1
112 320 2 1
113 320 2 1
114 320 2 1
115 320 2 1
15 297 3 0
121 203 2 1
16 297 3 0
122 203 2 1
17 297 3 0
123 203 2 1
18 297 3 0
124 203 2 1
19 297 3 0
125 203 2 1
20 297 3 0
126 203 2 1
102 367 2 1
21 297 3 0
127 203 2 1
103 367 2 1
104 367 2 1
105 367 2 1
106 367 2 1
107 367 2 1
108 367 2 1
14 180 3 0
15 180 3 0
16 180 3 0
17 180 3 0
18 180 3 0
19 180 3 0
20 180 3 0
116 250 2 1
92 414 2 1
117 250 2 1
93 414 2 1
118 250 2 1
94 414 2 1
119 250 2 1
95 414 2 1
120 250 2 1
96 414 2 1
121 250 2 1
97 414 2 1
122 250 2 1
98 414 2 1
99 414 2 1
18 344 3 0
19 344 3 0
20 344 3 0
21 344 3 0
22 344 3 0
23 344 3 0
24 344 3 0
15 227 3 0
16 227 3 0
17 227 3 0
18 227 3 0
19 227 3 0
20 227 3 0
21 227 3 0
112 297 2 1
113 297 2 1
114 297 2 1
115 297 2 1
116 297 2 1
117 297 2 1
118 297 2 1
15 274 3 0
16 274 3 0
17 274 3 0
18 274 3 0
124 180 2 1
19 274 3 0
125 180 2 1
20 274 3 0
126 180 2 1
21 274 3 0
127 180 2 1
128 180 2 1
129 180 2 1
105 344 2 1
130 180 2 1
106 344 2 1
107 344 2 1
108 344 2 1
109 344 2 1
110 344 2 1
111 344 2 1
15 157 3 0
16 157 3 0
17 157 3 0
18 157 3 0
19 157 3 0
121 227 2 1
16 321 3 0
122 227 2 1
98 391 2 1
17 321 3 0
123 227 2 1
99 391 2 1
18 321 3 0
124 227 2 1
100 391 2 1
19 321 3 0
125 227 2 1
101 391 2 1
20 321 3 0
126 227 2 1
102 391 2 1
21 321 3 0
127 227 2 1
103 391 2 1
22 321 3 0
104 391 2 1
15 204 3 0
16 204 3 0
17 204 3 0
18 204 3 0
19 204 3 0
20 204 3 0
21 204 3 0
79 438 2 1
80 438 2 1
81 438 2 1
82 438 2 1
83 438 2 1
84 438 2 1
85 438 2 1
86 438 2 1
87 438 2 1
88 438 2 1
114 274 2 1
115 274 2 1
116 274 2 1
117 274 2 1
118 274 2 1
119 274 2 1
120 274 2 1
23 368 3 0
24 368 3 0
25 368 3 0
26 368 3 0
27 368 3 0
28 368 3 0
29 368 3 0
30 368 3 0
31 368 3 0
15 251 3 0
16 251 3 0
17 251 3 0
18 251 3 0
19 251 3 0
20 251 3 0
126 157 2 1
21 251 3 0
127 157 2 1
128 157 2 1
129 157 2 1
130 157 2 1
131 157 2 1
132 157 2 1
109 321 2 1
110 321 2 1
111 321 2 1
112 321 2 1
113 321 2 1
114 321 2 1
115 321 2 1
15 298 3 0
121 204 2 1
16 298 3 0
122 204 2 1
17 298 3 0
123 204 2 1
18 298 3 0
124 204 2 1
19 298 3 0
125 204 2 1
20 298 3 0
126 204 2 1
102 368 2 1
21 298 3 0
127 204 2 1
103 368 2 1
104 368 2 1
105 368 2 1
106 368 2 1
107 368 2 1
108 368 2 1
14 181 3 0
15 181 3 0
16 181 3 0
17 181 3 0
18 181 3 0
19 181 3 0
20 181 3 0
116 251 2 1
92 415 2 1
117 251 2 1
93 415 2 1
118 251 2 1
94 415 2 1
119 251 2 1
95 415 2 1
120 251 2 1
96 415 2 1
121 251 2 1
97 415 2 1
122 251 2 1
98 415 2 1
18 345 3 0
19 345 3 0
20 345 3 0
21 345 3 0
22 345 3 0
23 345 3 0
24 345 3 0
15 228 3 0
16 228 3 0
17 228 3 0
18 228 3 0
19 228 3 0
20 228 3 0
21 228 3 0
112 298 2 1
113 298 2 1
114 298 2 1
115 298 2 1
116 298 2 1
117 298 2 1
118 298 2 1
15 275 3 0
16 275 3 0
17 275 3 0
18 275 3 0
124 181 2 1
19 275 3 0
125 181 2 1
20 275 3 0
126 181 2 1
21 275 3 0
127 181 2 1
128 181 2 1
129 181 2 1
105 345 2 1
130 181 2 1
106 345 2 1
107 345 2 1
108 345 2 1
109 345 2 1
110 345 2 1
111 345 2 1
14 158 3 0
15 158 3 0
16 158 3 0
17 158 3 0
18 158 3 0
19 158 3 0
20 158 3 0
120 228 2 1
121 228 2 1
16 322 3 0
122 228 2 1
98 392 2 1
17 322 3 0
123 228 2 1
99 392 2 1
18 322 3 0
124 228 2 1
100 392 2 1
19 322 3 0
125 228 2 1
101 392 2 1
20 322 3 0
126 228 2 1
102 392 2 1
21 322 3 0
127 228 2 1
103 392 2 1
22 322 3 0
104 392 2 1
15 205 3 0
16 205 3 0
17 205 3 0
18 205 3 0
19 205 3 0
20 205 3 0
21 205 3 0
78 439 2 1
79 439 2 1
80 439 2 1
81 439 2 1
82 439 2 1
83 439 2 1
84 439 2 1
85 439 2 1
86 439 2 1
87 439 2 1
114 275 2 1
115 275 2 1
116 275 2 1
117 275 2 1
118 275 2 1
119 275 2 1
120 275 2 1
23 369 3 0
24 369 3 0
25 369 3 0
26 369 3 0
27 369 3 0
28 369 3 0
29 369 3 0
30 369 3 0
31 369 3 0
15 252 3 0
16 252 3 0
17 252 3 0
18 252 3 0
19 252 3 0
125 158 2 1
20 252 3 0
126 158 2 1
21 252 3 0
127 158 2 1
128 158 2 1
129 158 2 1
130 158 2 1
131 158 2 1
132 158 2 1
109 322 2 1
110 322 2 1
111 322 2 1
112 322 2 1
113 322 2 1
114 322 2 1
115 322 2 1
15 299 3 0
121 205 2 1
16 299 3 0
122 205 2 1
17 299 3 0
123 205 2 1
18 299 3 0
124 205 2 1
19 299 3 0
125 205 2 1
101 369 2 1
20 299 3 0
126 205 2 1
102 369 2 1
21 299 3 0
127 205 2 1
103 369 2 1
104 369 2 1
105 369 2 1
106 369 2 1
107 369 2 1
108 369 2 1
14 182 3 0
15 182 3 0
16 182 3 0
17 182 3 0
18 182 3 0
19 182 3 0
20 182 3 0
116 252 2 1
92 416 2 1
117 252 2 1
93 416 2 1
118 252 2 1
94 416 2 1
119 252 2 1
95 416 2 1
120 252 2 1
96 416 2 1
121 252 2 1
97 416 2 1
122 252 2 1
98 416 2 1
18 346 3 0
19 346 3 0
20 346 3 0
21 346 3 0
22 346 3 0
23 346 3 0
24 346 3 0
15 229 3 0
16 229 3 0
17 229 3 0
18 229 3 0
19 229 3 0
20 229 3 0
21 229 3 0
112 299 2 1
113 299 2 1
114 299 2 1
115 299 2 1
116 299 2 1
117 299 2 1
118 299 2 1
15 276 3 0
16 276 3 0
17 276 3 0
18 276 3 0
124 182 2 1
19 276 3 0
125 182 2 1
20 276 3 0
126 182 2 1
21 276 3 0
127 182 2 1
128 182 2 1
129 182 2 1
105 346 2 1
130 182 2 1
106 346 2 1
107 346 2 1
108 346 2 1
109 346 2 1
110 346 2 1
111 346 2 1
14 159 3 0
15 159 3 0
16 159 3 0
17 159 3 0
18 159 3 0
19 159 3 0
20 159 3 0
120 229 2 1
121 229 2 1
16 323 3 0
122 229 2 1
98 393 2 1
17 323 3 0
123 229 2 1
99 393 2 1
18 323 3 0
124 229 2 1
100 393 2 1
19 323 3 0
125 229 2 1
101 393 2 1
20 323 3 0
126 229 2 1
102 393 2 1
21 323 3 0
103 393 2 1
22 323 3 0
104 393 2 1
15 206 3 0
16 206 3 0
17 206 3 0
18 206 3 0
19 206 3 0
20 206 3 0
21 206 3 0
78 440 2 1
79 440 2 1
80 440 2 1
81 440 2 1
82 440 2 1
83 440 2 1
84 440 2 1
85 440 2 1
86 440 2 1
114 276 2 1
115 276 2 1
116 276 2 1
117 276 2 1
118 276 2 1
119 276 2 1
120 276 2 1
24 370 3 0
25 370 3 0
26 370 3 0
27 370 3 0
28 370 3 0
29 370 3 0
30 370 3 0
31 370 3 0
32 370 3 0
15 253 3 0
16 253 3 0
17 253 3 0
18 253 3 0
19 253 3 0
125 159 2 1
20 253 3 0
126 159 2 1
21 253 3 0
127 159 2 1
128 159 2 1
129 159 2 1
130 159 2 1
131 159 2 1
109 323 2 1
110 323 2 1
111 323 2 1
112 323 2 1
113 323 2 1
114 323 2 1
115 323 2 1
15 300 3 0
121 206 2 1
16 300 3 0
122 206 2 1
17 300 3 0
123 206 2 1
18 300 3 0
124 206 2 1
19 300 3 0
125 206 2 1
101 370 2 1
20 300 3 0
126 206 2 1
102 370 2 1
21 300 3 0
127 206 2 1
103 370 2 1
104 370 2 1
105 370 2 1
106 370 2 1
107 370 2 1
14 183 3 0
15 183 3 0
16 183 3 0
17 183 3 0
18 183 3 0
19 183 3 0
20 183 3 0
116 253 2 1
92 417 2 1
117 253 2 1
93 417 2 1
118 253 2 1
94 417 2 1
119 253 2 1
95 417 2 1
120 253 2 1
96 417 2 1
121 253 2 1
97 417 2 1
122 253 2 1
98 417 2 1
19 347 3 0
20 347 3 0
21 347 3 0
22 347 3 0
23 347 3 0
24 347 3 0
25 347 3 0
15 230 3 0
16 230 3 0
17 230 3 0
18 230 3 0
19 230 3 0
20 230 3 0
21 230 3 0
130 136 2 1
131 136 2 1
112 300 2 1
113 300 2 1
114 300 2 1
115 300 2 1
116 300 2 1
117 300 2 1
118 300 2 1
15 277 3 0
16 277 3 0
17 277 3 0
18 277 3 0
124 183 2 1
19 277 3 0
125 183 2 1
20 277 3 0
126 183 2 1
21 277 3 0
127 183 2 1
128 183 2 1
129 183 2 1
105 347 2 1
130 183 2 1
106 347 2 1
107 347 2 1
108 347 2 1
109 347 2 1
110 347 2 1
111 347 2 1
14 160 3 0
15 160 3 0
16 160 3 0
17 160 3 0
18 160 3 0
19 160 3 0
20 160 3 0
119 230 2 1
120 230 2 1
121 230 2 1
16 324 3 0
122 230 2 1
98 394 2 1
17 324 3 0
123 230 2 1
99 394 2 1
18 324 3 0
124 230 2 1
100 394 2 1
19 324 3 0
125 230 2 1
101 394 2 1
20 324 3 0
126 230 2 1
102 394 2 1
21 324 3 0
103 394 2 1
22 324 3 0
104 394 2 1
15 207 3 0
16 207 3 0
17 207 3 0
18 207 3 0
19 207 3 0
20 207 3 0
77 441 2 1
21 207 3 0
78 441 2 1
79 441 2 1
80 441 2 1
81 441 2 1
82 441 2 1
83 441 2 1
84 441 2 1
85 441 2 1
114 277 2 1
115 277 2 1
116 277 2 1
117 277 2 1
118 277 2 1
119 277 2 1
120 277 2 1
24 371 3 0
25 371 3 0
26 371 3 0
27 371 3 0
28 371 3 0
29 371 3 0
30 371 3 0
31 371 3 0
15 254 3 0
16 254 3 0
17 254 3 0
18 254 3 0
19 254 3 0
125 160 2 1
20 254 3 0
126 160 2 1
21 254 3 0
127 160 2 1
128 160 2 1
129 160 2 1
130 160 2 1
131 160 2 1
109 324 2 1
110 324 2 1
111 324 2 1
112 324 2 1
113 324 2 1
114 324 2 1
115 324 2 1
15 301 3 0
121 207 2 1
16 301 3 0
122 207 2 1
17 301 3 0
123 207 2 1
18 301 3 0
124 207 2 1
19 301 3 0
125 207 2 1
101 371 2 1
20 301 3 0
126 207 2 1
102 371 2 1
21 301 3 0
127 207 2 1
103 371 2 1
104 371 2 1
105 371 2 1
106 371 2 1
107 371 2 1
14 184 3 0
15 184 3 0
16 184 3 0
17 184 3 0
18 184 3 0
19 184 3 0
20 184 3 0
116 254 2 1
92 418 2 1
117 254 2 1
93 418 2 1
118 254 2 1
94 418 2 1
119 254 2 1
95 418 2 1
120 254 2 1
96 418 2 1
121 254 2 1
97 418 2 1
122 254 2 1
98 418 2 1
19 348 3 0
20 348 3 0
21 348 3 0
22 348 3 0
23 348 3 0
24 348 3 0
25 348 3 0
15 231 3 0
16 231 3 0
17 231 3 0
18 231 3 0
19 231 3 0
20 231 3 0
21 231 3 0
128 137 2 1
129 137 2 1
130 137 2 1
131 137 2 1
132 137 2 1
133 137 2 1
112 301 2 1
113 301 2 1
114 301 2 1
115 301 2 1
116 301 2 1
117 301 2 1
118 301 2 1
15 278 3 0
16 278 3 0
17 278 3 0
18 278 3 0
124 184 2 1
19 278 3 0
125 184 2 1
20 278 3 0
126 184 2 1
21 278 3 0
127 184 2 1
128 184 2 1
129 184 2 1
105 348 2 1
130 184 2 1
106 348 2 1
107 348 2 1
108 348 2 1
109 348 2 1
110 348 2 1
111 348 2 1
14 161 3 0
15 161 3 0
16 161 3 0
17 161 3 0
18 161 3 0
19 161 3 0
20 161 3 0
119 231 2 1
120 231 2 1
121 231 2 1
16 325 3 0
122 231 2 1
98 395 2 1
17 325 3 0
123 231 2 1
99 395 2 1
18 325 3 0
124 231 2 1
100 395 2 1
19 325 3 0
125 231 2 1
101 395 2 1
20 325 3 0
102 395 2 1
21 325 3 0
103 395 2 1
22 325 3 0
104 395 2 1
15 208 3 0
16 208 3 0
17 208 3 0
18 208 3 0
19 208 3 0
76 442 2 1
20 208 3 0
77 442 2 1
21 208 3 0
78 442 2 1
79 442 2 1
80 442 2 1
81 442 2 1
82 442 2 1
83 442 2 1
84 442 2 1
85 442 2 1
114 278 2 1
115 278 2 1
116 278 2 1
117 278 2 1
118 278 2 1
119 278 2 1
120 278 2 1
25 372 3 0
26 372 3 0
27 372 3 0
28 372 3 0
29 372 3 0
30 372 3 0
31 372 3 0
15 255 3 0
16 255 3 0
17 255 3 0
18 255 3 0
19 255 3 0
125 161 2 1
20 255 3 0
126 161 2 1
21 255 3 0
127 161 2 1
128 161 2 1
129 161 2 1
130 161 2 1
131 161 2 1
108 325 2 1
109 325 2 1
110 325 2 1
111 325 2 1
112 325 2 1
113 325 2 1
114 325 2 1
115 325 2 1
15 302 3 0
121 208 2 1
16 302 3 0
122 208 2 1
17 302 3 0
123 208 2 1
18 302 3 0
124 208 2 1
19 302 3 0
125 208 2 1
101 372 2 1
20 302 3 0
126 208 2 1
102 372 2 1
21 302 3 0
127 208 2 1
103 372 2 1
104 372 2 1
105 372 2 1
106 372 2 1
107 372 2 1
14 185 3 0
15 185 3 0
16 185 3 0
17 185 3 0
18 185 3 0
19 185 3 0
20 185 3 0
116 255 2 1
92 419 2 1
117 255 2 1
93 419 2 1
118 255 2 1
94 419 2 1
119 255 2 1
95 419 2 1
120 255 2 1
96 419 2 1
121 255 2 1
97 419 2 1
122 255 2 1
98 419 2 1
19 349 3 0
20 349 3 0
21 349 3 0
22 349 3 0
23 349 3 0
24 349 3 0
25 349 3 0
15 232 3 0
16 232 3 0
17 232 3 0
18 232 3 0
19 232 3 0
20 232 3 0
21 232 3 0
128 138 2 1
129 138 2 1
130 138 2 1
131 138 2 1
132 138 2 1
133 138 2 1
112 302 2 1
113 302 2 1
114 302 2 1
115 302 2 1
116 302 2 1
117 302 2 1
118 302 2 1
15 279 3 0
16 279 3 0
17 279 3 0
18 279 3 0
124 185 2 1
19 279 3 0
125 185 2 1
20 279 3 0
126 185 2 1
21 279 3 0
127 185 2 1
128 185 2 1
129 185 2 1
105 349 2 1
130 185 2 1
106 349 2 1
107 349 2 1
108 349 2 1
109 349 2 1
110 349 2 1
111 349 2 1
14 162 3 0
15 162 3 0
16 162 3 0
17 162 3 0
18 162 3 0
19 162 3 0
20 162 3 0
119 232 2 1
120 232 2 1
121 232 2 1
122 232 2 1
17 326 3 0
123 232 2 1
98 396 2 1
18 326 3 0
124 232 2 1
99 396 2 1
19 326 3 0
125 232 2 1
100 396 2 1
20 326 3 0
101 396 2 1
21 326 3 0
102 396 2 1
22 326 3 0
103 396 2 1
23 326 3 0
104 396 2 1
15 209 3 0
16 209 3 0
17 209 3 0
18 209 3 0
19 209 3 0
75 443 2 1
20 209 3 0
76 443 2 1
21 209 3 0
77 443 2 1
78 443 2 1
79 443 2 1
80 443 2 1
81 443 2 1
82 443 2 1
83 443 2 1
114 279 2 1
115 279 2 1
116 279 2 1
117 279 2 1
118 279 2 1
119 279 2 1
120 279 2 1
27 373 3 0
28 373 3 0
29 373 3 0
15 256 3 0
16 256 3 0
17 256 3 0
18 256 3 0
19 256 3 0
125 162 2 1
20 256 3 0
126 162 2 1
21 256 3 0
127 162 2 1
128 162 2 1
129 162 2 1
130 162 2 1
131 162 2 1
108 326 2 1
109 326 2 1
110 326 2 1
111 326 2 1
112 326 2 1
113 326 2 1
114 326 2 1
121 209 2 1
15 303 3 0
122 209 2 1
16 303 3 0
123 209 2 1
17 303 3 0
124 209 2 1
18 303 3 0
125 209 2 1
19 303 3 0
126 209 2 1
101 373 2 1
20 303 3 0
127 209 2 1
102 373 2 1
21 303 3 0
103 373 2 1
104 373 2 1
105 373 2 1
106 373 2 1
107 373 2 1
14 186 3 0
15 186 3 0
16 186 3 0
17 186 3 0
18 186 3 0
19 186 3 0
20 186 3 0
116 256 2 1
92 420 2 1
117 256 2 1
93 420 2 1
118 256 2 1
94 420 2 1
119 256 2 1
95 420 2 1
120 256 2 1
96 420 2 1
121 256 2 1
97 420 2 1
122 256 2 1
98 420 2 1
19 350 3 0
20 350 3 0
21 350 3 0
22 350 3 0
23 350 3 0
24 350 3 0
25 350 3 0
15 233 3 0
16 233 3 0
17 233 3 0
18 233 3 0
19 233 3 0
20 233 3 0
127 139 2 1
21 233 3 0
128 139 2 1
129 139 2 1
130 139 2 1
131 139 2 1
132 139 2 1
133 139 2 1
134 139 2 1
112 303 2 1
113 303 2 1
114 303 2 1
115 303 2 1
116 303 2 1
117 303 2 1
118 303 2 1
15 280 3 0
16 280 3 0
17 280 3 0
18 280 3 0
124 186 2 1
19 280 3 0
125 186 2 1
20 280 3 0
126 186 2 1
21 280 3 0
127 186 2 1
128 186 2 1
129 186 2 1
105 350 2 1
130 186 2 1
106 350 2 1
107 350 2 1
108 350 2 1
109 350 2 1
110 350 2 1
111 350 2 1
14 163 3 0
15 163 3 0
16 163 3 0
17 163 3 0
18 163 3 0
19 163 3 0
20 163 3 0
119 233 2 1
120 233 2 1
121 233 2 1
97 397 2 1
122 233 2 1
98 397 2 1
17 327 3 0
123 233 2 1
99 397 2 1
18 327 3 0
124 233 2 1
100 397 2 1
19 327 3 0
125 233 2 1
101 397 2 1
20 327 3 0
102 397 2 1
21 327 3 0
103 397 2 1
22 327 3 0
104 397 2 1
23 327 3 0
15 210 3 0
16 210 3 0
17 210 3 0
18 210 3 0
75 444 2 1
19 210 3 0
76 444 2 1
20 210 3 0
77 444 2 1
21 210 3 0
78 444 2 1
79 444 2 1
80 444 2 1
81 444 2 1
82 444 2 1
114 280 2 1
115 280 2 1
116 280 2 1
117 280 2 1
118 280 2 1
119 280 2 1
120 280 2 1
15 257 3 0
16 257 3 0
17 257 3 0
18 257 3 0
19 257 3 0
125 163 2 1
20 257 3 0
126 163 2 1
21 257 3 0
127 163 2 1
128 163 2 1
129 163 2 1
130 163 2 1
131 163 2 1
108 327 2 1
109 327 2 1
110 327 2 1
111 327 2 1
112 327 2 1
113 327 2 1
114 327 2 1
15 304 3 0
121 210 2 1
16 304 3 0
122 210 2 1
17 304 3 0
123 210 2 1
18 304 3 0
124 210 2 1
19 304 3 0
125 210 2 1
101 374 2 1
20 304 3 0
126 210 2 1
102 374 2 1
21 304 3 0
127 210 2 1
103 374 2 1
104 374 2 1
105 374 2 1
106 374 2 1
107 374 2 1
14 187 3 0
15 187 3 0
16 187 3 0
17 187 3 0
18 187 3 0
19 187 3 0
20 187 3 0
91 421 2 1
116 257 2 1
92 421 2 1
117 257 2 1
93 421 2 1
118 257 2 1
94 421 2 1
119 257 2 1
95 421 2 1
120 257 2 1
96 421 2 1
121 257 2 1
97 421 2 1
122 257 2 1
98 421 2 1
20 351 3 0
21 351 3 0
22 351 3 0
23 351 3 0
24 351 3 0
25 351 3 0
26 351 3 0
15 234 3 0
16 234 3 0
17 234 3 0
18 234 3 0
19 234 3 0
20 234 3 0
21 234 3 0
127 140 2 1
128 140 2 1
129 140 2 1
130 140 2 1
131 140 2 1
132 140 2 1
133 140 2 1
111 304 2 1
112 304 2 1
113 304 2 1
114 304 2 1
115 304 2 1
116 304 2 1
117 304 2 1
118 304 2 1
1188
1 2 1 131 139 3
1 2 1 131 139 3
1 2 1 130 139 3
1 2 1 130 139 3
1 2 1 130 140 3
1 2 1 130 140 3
1 2 1 130 141 3
1 2 1 130 141 3
1 2 1 130 142 3
1 2 1 130 142 3
1 2 1 130 143 3
1 2 1 130 143 3
1 2 1 130 144 3
1 2 1 130 144 3
1 2 1 130 145 3
1 2 1 130 145 3
1 2 1 130 146 3
1 2 1 130 146 3
1 2 1 130 147 3
1 2 1 130 147 3
1 2 1 130 148 3
1 2 1 130 148 3
1 2 1 130 149 3
1 2 1 130 149 3
1 2 1 130 150 3
1 2 1 130 150 3
1 2 1 130 151 3
1 2 1 130 151 3
1 2 1 130 152 3
1 2 1 130 152 3
1 2 1 130 153 3
1 2 1 130 153 3
1 2 1 130 154 3
1 2 1 130 154 3
1 2 1 130 155 3
1 2 1 130 155 3
1 2 1 129 155 3
1 2 1 129 155 3
1 2 1 129 156 3
1 2 1 129 156 3
1 2 1 129 157 3
1 2 1 129 157 3
1 2 1 129 158 3
1 2 1 129 158 3
1 2 1 128 158 3
1 2 1 128 158 3
1 2 1 128 159 3
1 2 1 128 159 3
1 2 1 128 160 3
1 2 1 128 160 3
1 2 1 128 161 3
1 2 1 128 161 3
1 2 1 128 162 3
1 2 1 128 162 3
1 2 1 128 163 3
1 2 1 128 163 3
1 2 1 128 164 3
1 2 1 128 164 3
1 2 1 128 165 3
1 2 1 128 165 3
1 2 1 128 166 3
1 2 1 128 166 3
1 2 1 128 167 3
1 2 1 128 167 3
1 2 1 128 168 3
1 2 1 128 168 3
1 2 1 128 169 3
1 2 1 128 169 3
1 2 1 128 170 3
1 2 1 128 170 3
1 2 1 128 171 3
1 2 1 128 171 3
1 2 1 128 172 3
1 2 1 128 172 3
1 2 1 128 173 3
1 2 1 128 173 3
1 2 1 127 173 3
1 2 1 127 173 3
1 2 1 127 174 3
1 2 1 127 174 3
1 2 1 127 175 3
1 2 1 127 175 3
1 2 1 127 176 3
1 2 1 127 176 3
1 2 1 127 177 3
1 2 1 127 177 3
1 2 1 127 178 3
1 2 1 127 178 3
1 2 1 127 179 3
1 2 1 127 179 3
1 2 1 127 180 3
1 2 1 127 180 3
1 2 1 127 181 3
1 2 1 127 181 3
1 2 1 127 182 3
1 2 1 127 182 3
1 2 1 127 183 3
1 2 1 127 183 3
1 2 1 127 184 3
1 2 1 127 184 3
1 2 1 127 185 3
1 2 1 127 185 3
1 2 1 127 186 3
1 2 1 127 186 3
1 2 1 127 187 3
1 2 1 127 187 3
1 2 1 126 187 3
1 2 1 126 187 3
1 2 1 126 188 3
1 2 1 126 188 3
1 2 1 126 189 3
1 2 1 126 189 3
1 2 1 126 190 3
1 2 1 126 190 3
1 2 1 125 190 3
1 2 1 125 190 3
1 2 1 125 191 3
1 2 1 125 191 3
1 2 1 125 192 3
1 2 1 125 192 3
1 2 1 125 193 3
1 2 1 125 193 3
1 2 1 125 194 3
1 2 1 125 194 3
1 2 1 124 194 3
1 2 1 124 194 3
1 2 1 124 195 3
1 2 1 124 195 3
1 2 1 124 196 3
1 2 1 124 196 3
1 2 1 124 197 3
1 2 1 124 197 3
1 2 1 124 198 3
1 2 1 124 198 3
1 2 1 124 199 3
1 2 1 124 199 3
1 2 1 124 200 3
1 2 1 124 200 3
1 2 1 124 201 3
1 2 1 124 201 3
1 2 1 124 202 3
1 2 1 124 202 3
1 2 1 124 203 3
1 2 1 124 203 3
1 2 1 124 204 3
1 2 1 124 204 3
1 2 1 124 205 3
1 2 1 124 205 3
1 2 1 124 206 3
1 2 1 124 206 3
1 2 1 124 207 3
1 2 1 124 207 3
1 2 1 124 208 3
1 2 1 124 208 3
1 2 1 124 209 3
1 2 1 124 209 3
1 2 1 124 210 3
1 2 1 124 210 3
1 2 1 124 211 3
1 2 1 124 211 3
1 2 1 124 212 3
1 2 1 124 212 3
1 2 1 124 213 3
1 2 1 124 213 3
1 2 1 124 214 3
1 2 1 124 214 3
1 2 1 124 215 3
1 2 1 124 215 3
1 2 1 124 216 3
1 2 1 124 216 3
1 2 1 124 217 3
1 2 1 124 217 3
1 2 1 124 218 3
1 2 1 124 218 3
1 2 1 124 219 3
1 2 1 124 219 3
1 2 1 124 220 3
1 2 1 124 220 3
1 2 1 124 221 3
1 2 1 124 221 3
1 2 1 124 222 3
1 2 1 124 222 3
1 2 1 124 223 3
1 2 1 124 223 3
1 2 1 124 224 3
1 2 1 124 224 3
1 2 1 124 225 3
1 2 1 124 225 3
1 2 1 124 226 3
1 2 1 124 226 3
1 2 1 124 227 3
1 2 1 124 227 3
1 2 1 124 228 3
1 2 1 124 228 3
1 2 1 123 228 3
1 2 1 123 228 3
1 2 1 123 229 3
1 2 1 123 229 3
1 2 1 123 230 3
1 2 1 123 230 3
1 2 1 122 230 3
1 2 1 122 230 3
1 2 1 122 231 3
1 2 1 122 231 3
1 2 1 122 232 3
1 2 1 122 232 3
1 2 1 122 233 3
1 2 1 122 233 3
1 2 1 122 234 3
1 2 1 122 234 3
1 2 1 122 235 3
1 2 1 122 235 3
1 2 1 122 236 3
1 2 1 122 236 3
1 2 1 122 237 3
1 2 1 122 237 3
1 2 1 122 238 3
1 2 1 122 238 3
1 2 1 122 239 3
1 2 1 122 239 3
1 2 1 121 239 3
1 2 1 121 239 3
1 2 1 121 240 3
1 2 1 121 240 3
1 2 1 121 241 3
1 2 1 121 241 3
1 2 1 121 242 3
1 2 1 121 242 3
1 2 1 120 242 3
1 2 1 120 242 3
1 2 1 120 243 3
1 2 1 120 243 3
1 2 1 120 244 3
1 2 1 120 244 3
1 2 1 120 245 3
1 2 1 120 245 3
1 2 1 119 245 3
1 2 1 119 245 3
1 2 1 119 246 3
1 2 1 119 246 3
1 2 1 119 247 3
1 2 1 119 247 3
1 2 1 119 248 3
1 2 1 119 248 3
1 2 1 119 249 3
1 2 1 119 249 3
1 2 1 119 250 3
1 2 1 119 250 3
1 2 1 119 251 3
1 2 1 119 251 3
1 2 1 119 252 3
1 2 1 119 252 3
1 2 1 119 253 3
1 2 1 119 253 3
1 2 1 119 254 3
1 2 1 119 254 3
1 2 1 119 255 3
1 2 1 119 255 3
1 2 1 119 256 3
1 2 1 119 256 3
1 2 1 119 257 3
1 2 1 119 257 3
1 2 1 119 258 3
1 2 1 119 258 3
1 2 1 119 259 3
1 2 1 119 259 3
1 2 1 119 260 3
1 2 1 119 260 3
1 2 1 119 261 3
1 2 1 119 261 3
1 2 1 119 262 3
1 2 1 119 262 3
1 2 1 119 263 3
1 2 1 119 263 3
1 2 1 119 264 3
1 2 1 119 264 3
1 2 1 118 264 3
1 2 1 118 264 3
1 2 1 118 265 3
1 2 1 118 265 3
1 2 1 118 266 3
1 2 1 118 266 3
1 2 1 117 266 3
1 2 1 117 266 3
1 2 1 117 267 3
1 2 1 117 267 3
1 2 1 117 268 3
1 2 1 117 268 3
1 2 1 117 269 3
1 2 1 117 269 3
1 2 1 117 270 3
1 2 1 117 270 3
1 2 1 117 271 3
1 2 1 117 271 3
1 2 1 117 272 3
1 2 1 117 272 3
1 2 1 117 273 3
1 2 1 117 273 3
1 2 1 117 274 3
1 2 1 117 274 3
1 2 1 117 275 3
1 2 1 117 275 3
1 2 1 117 276 3
1 2 1 117 276 3
1 2 1 117 277 3
1 2 1 117 277 3
1 2 1 117 278 3
1 2 1 117 278 3
1 2 1 117 279 3
1 2 1 117 279 3
1 2 1 117 280 3
1 2 1 117 280 3
1 2 1 117 281 3
1 2 1 117 281 3
1 2 1 117 282 3
1 2 1 117 282 3
1 2 1 117 283 3
1 2 1 117 283 3
1 2 1 116 283 3
1 2 1 116 283 3
1 2 1 116 284 3
1 2 1 116 284 3
1 2 1 116 285 3
1 2 1 116 285 3
1 2 1 116 286 3
1 2 1 116 286 3
1 2 1 115 286 3
1 2 1 115 286 3
1 2 1 115 287 3
1 2 1 115 287 3
1 2 1 115 288 3
1 2 1 115 288 3
1 2 1 115 289 3
1 2 1 115 289 3
1 2 1 115 290 3
1 2 1 115 290 3
1 2 1 115 291 3
1 2 1 115 291 3
1 2 1 115 292 3
1 2 1 115 292 3
1 2 1 115 293 3
1 2 1 115 293 3
1 2 1 115 294 3
1 2 1 115 294 3
1 2 1 115 295 3
1 2 1 115 295 3
1 2 1 115 296 3
1 2 1 115 296 3
1 2 1 115 297 3
1 2 1 115 297 3
1 2 1 115 298 3
1 2 1 115 298 3
1 2 1 115 299 3
1 2 1 115 299 3
1 2 1 115 300 3
1 2 1 115 300 3
1 2 1 115 301 3
1 2 1 115 301 3
1 2 1 115 302 3
1 2 1 115 302 3
1 2 1 115 303 3
1 2 1 115 303 3
1 2 1 115 304 3
1 2 1 115 304 3
1 2 1 114 304 3
1 2 1 114 304 3
1 2 1 114 305 3
1 2 1 114 305 3
1 2 1 114 306 3
1 2 1 114 306 3
1 2 1 114 307 3
1 2 1 114 307 3
1 2 1 114 308 3
1 2 1 114 308 3
1 2 1 114 309 3
1 2 1 114 309 3
1 2 1 114 310 3
1 2 1 114 310 3
1 2 1 113 310 3
1 2 1 113 310 3
1 2 1 113 311 3
1 2 1 113 311 3
1 2 1 113 312 3
1 2 1 113 312 3
1 2 1 113 313 3
1 2 1 113 313 3
1 2 1 113 314 3
1 2 1 113 314 3
1 2 1 113 315 3
1 2 1 113 315 3
1 2 1 113 316 3
1 2 1 113 316 3
1 2 1 113 317 3
1 2 1 113 317 3
1 2 1 113 318 3
1 2 1 113 318 3
1 2 1 112 318 3
1 2 1 112 318 3
1 2 1 112 319 3
1 2 1 112 319 3
1 2 1 112 320 3
1 2 1 112 320 3
1 2 1 112 321 3
1 2 1 112 321 3
1 2 1 112 322 3
1 2 1 112 322 3
1 2 1 112 323 3
1 2 1 112 323 3
1 2 1 112 324 3
1 2 1 112 324 3
1 2 1 112 325 3
1 2 1 112 325 3
1 2 1 111 325 3
1 2 1 111 325 3
1 2 1 111 326 3
1 2 1 111 326 3
1 2 1 111 327 3
1 2 1 111 327 3
1 2 1 111 328 3
1 2 1 111 328 3
1 2 1 110 328 3
1 2 1 110 328 3
1 2 1 110 329 3
1 2 1 110 329 3
1 2 1 110 330 3
1 2 1 110 330 3
1 2 1 110 331 3
1 2 1 110 331 3
1 2 1 110 332 3
1 2 1 110 332 3
1 2 1 110 333 3
1 2 1 110 333 3
1 2 1 109 333 3
1 2 1 109 333 3
1 2 1 109 334 3
1 2 1 109 334 3
1 2 1 109 335 3
1 2 1 109 335 3
1 2 1 109 336 3
1 2 1 109 336 3
1 2 1 109 337 3
1 2 1 109 337 3
1 2 1 109 338 3
1 2 1 109 338 3
1 2 1 108 338 3
1 2 1 108 338 3
1 2 1 108 339 3
1 2 1 108 339 3
1 2 1 108 340 3
1 2 1 108 340 3
1 2 1 108 341 3
1 2 1 108 341 3
1 2 1 108 342 3
1 2 1 108 342 3
1 2 1 108 343 3
1 2 1 108 343 3
1 2 1 108 344 3
1 2 1 108 344 3
1 2 1 108 345 3
1 2 1 108 345 3
1 2 1 108 346 3
1 2 1 108 346 3
1 2 1 108 347 3
1 2 1 108 347 3
1 2 1 108 348 3
1 2 1 108 348 3
1 2 1 108 349 3
1 2 1 108 349 3
1 2 1 108 350 3
1 2 1 108 350 3
1 2 1 108 351 3
1 2 1 108 351 3
1 2 1 108 352 3
1 2 1 108 352 3
1 2 1 108 353 3
1 2 1 108 353 3
1 2 1 108 354 3
1 2 1 108 354 3
1 2 1 108 355 3
1 2 1 108 355 3
1 2 1 107 355 3
1 2 1 107 355 3
1 2 1 107 356 3
1 2 1 107 356 3
1 2 1 107 357 3
1 2 1 107 357 3
1 2 1 107 358 3
1 2 1 107 358 3
1 2 1 107 359 3
1 2 1 107 359 3
1 2 1 107 360 3
1 2 1 107 360 3
1 2 1 106 360 3
1 2 1 106 360 3
1 2 1 106 361 3
1 2 1 106 361 3
1 2 1 106 362 3
1 2 1 106 362 3
1 2 1 106 363 3
1 2 1 106 363 3
1 2 1 106 364 3
1 2 1 106 364 3
1 2 1 105 364 3
1 2 1 105 364 3
1 2 1 105 365 3
1 2 1 105 365 3
1 2 1 105 366 3
1 2 1 105 366 3
1 2 1 105 367 3
1 2 1 105 367 3
1 2 1 105 368 3
1 2 1 105 368 3
1 2 1 105 369 3
1 2 1 105 369 3
1 2 1 104 369 3
1 2 1 104 369 3
1 2 1 104 370 3
1 2 1 104 370 3
1 2 1 104 371 3
1 2 1 104 371 3
1 2 1 104 372 3
1 2 1 104 372 3
1 2 1 104 373 3
1 2 1 104 373 3
1 2 1 104 374 3
1 2 1 104 374 3
1 2 1 104 375 3
1 2 1 104 375 3
1 2 1 104 376 3
1 2 1 104 376 3
1 2 1 104 377 3
1 2 1 104 377 3
1 2 1 104 378 3
1 2 1 104 378 3
1 2 1 104 379 3
1 2 1 104 379 3
1 2 1 103 379 3
1 2 1 103 379 3
1 2 1 103 380 3
1 2 1 103 380 3
1 2 1 103 381 3
1 2 1 103 381 3
1 2 1 103 382 3
1 2 1 103 382 3
1 2 1 103 383 3
1 2 1 103 383 3
1 2 1 103 384 3
1 2 1 103 384 3
1 2 1 103 385 3
1 2 1 103 385 3
1 2 1 103 386 3
1 2 1 103 386 3
1 2 1 103 387 3
1 2 1 103 387 3
1 2 1 102 387 3
1 2 1 102 387 3
1 2 1 102 388 3
1 2 1 102 388 3
1 2 1 102 389 3
1 2 1 102 389 3
1 2 1 101 389 3
1 2 1 101 389 3
1 2 1 101 390 3
1 2 1 101 390 3
1 2 1 101 391 3
1 2 1 101 391 3
1 2 1 101 392 3
1 2 1 101 392 3
1 2 1 101 393 3
1 2 1 101 393 3
1 2 1 101 394 3
1 2 1 101 394 3
1 2 1 101 395 3
1 2 1 101 395 3
1 2 1 101 396 3
1 2 1 101 396 3
1 2 1 101 397 3
1 2 1 101 397 3
1 2 1 100 397 3
1 2 1 100 397 3
1 2 1 100 398 3
1 2 1 100 398 3
1 2 1 100 399 3
1 2 1 100 399 3
1 2 1 100 400 3
1 2 1 100 400 3
1 2 1 100 401 3
1 2 1 100 401 3
1 2 1 100 402 3
1 2 1 100 402 3
1 2 1 99 402 3
1 2 1 99 402 3
1 2 1 99 403 3
1 2 1 99 403 3
1 2 1 99 404 3
1 2 1 99 404 3
1 2 1 98 404 3
1 2 1 98 404 3
1 2 1 98 405 3
1 2 1 98 405 3
1 2 1 98 406 3
1 2 1 98 406 3
1 2 1 98 407 3
1 2 1 98 407 3
1 2 1 98 408 3
1 2 1 98 408 3
1 2 1 98 409 3
1 2 1 98 409 3
1 2 1 98 410 3
1 2 1 98 410 3
1 2 1 97 410 3
1 2 1 97 410 3
1 2 1 97 411 3
1 2 1 97 411 3
1 2 1 97 412 3
1 2 1 97 412 3
1 2 1 96 412 3
1 2 1 96 412 3
1 2 1 96 413 3
1 2 1 96 413 3
1 2 1 96 414 3
1 2 1 96 414 3
1 2 1 95 414 3
1 2 1 95 414 3
1 2 1 95 415 3
1 2 1 95 415 3
1 2 1 95 416 3
1 2 1 95 416 3
1 2 1 95 417 3
1 2 1 95 417 3
1 2 1 95 418 3
1 2 1 95 418 3
1 2 1 95 419 3
1 2 1 95 419 3
1 2 1 95 420 3
1 2 1 95 420 3
1 2 1 95 421 3
1 2 1 95 421 3
1 2 1 95 422 3
1 2 1 95 422 3
1 2 1 94 422 3
1 2 1 94 422 3
1 2 1 94 423 3
1 2 1 94 423 3
1 2 1 93 423 3
1 2 1 93 423 3
1 2 1 93 424 3
1 2 1 93 424 3
1 2 1 92 424 3
1 2 1 92 424 3
1 2 1 92 425 3
1 2 1 92 425 3
1 2 1 92 426 3
1 2 1 92 426 3
1 2 1 92 427 3
1 2 1 92 427 3
1 2 1 91 427 3
1 2 1 91 427 3
1 2 1 91 428 3
1 2 1 91 428 3
1 2 1 90 428 3
1 2 1 90 428 3
1 2 1 90 429 3
1 2 1 90 429 3
1 2 1 89 429 3
1 2 1 89 429 3
1 2 1 89 430 3
1 2 1 89 430 3
1 2 1 89 431 3
1 2 1 89 431 3
1 2 1 88 431 3
1 2 1 88 431 3
1 2 1 88 432 3
1 2 1 88 432 3
1 2 1 88 433 3
1 2 1 88 433 3
1 2 1 87 433 3
1 2 1 87 433 3
1 2 1 87 434 3
1 2 1 87 434 3
1 2 1 86 434 3
1 2 1 86 434 3
1 2 1 86 435 3
1 2 1 86 435 3
1 2 1 86 436 3
1 2 1 86 436 3
1 2 1 85 436 3
1 2 1 85 436 3
1 2 1 85 437 3
1 2 1 85 437 3
1 2 1 84 437 3
1 2 1 84 437 3
1 2 1 84 438 3
1 2 1 84 438 3
1 2 1 83 438 3
1 2 1 83 438 3
1 2 1 83 439 3
1 2 1 83 439 3
1 2 1 83 440 3
1 2 1 83 440 3
1 2 1 82 440 3
1 2 1 82 440 3
1 2 1 81 440 3
1 2 1 81 440 3
1 2 1 81 441 3
1 2 1 81 441 3
1 2 1 80 441 3
1 2 1 80 441 3
1 2 1 80 442 3
1 2 1 80 442 3
1 2 1 80 443 3
1 2 1 80 443 3
1 2 1 79 443 3
1 2 1 79 443 3
1 2 1 79 444 3
1 2 1 79 444 3
1 2 1 78 444 3
1 2 1 78 444 3
1 2 1 78 445 3
1 2 1 78 445 3
1 2 1 77 445 3
1 2 1 77 445 3
1 2 1 77 446 3
1 2 1 77 446 3
1 2 1 77 447 3
1 2 1 77 447 3
1 2 1 76 447 3
1 2 1 76 447 3
1 2 1 76 448 3
1 2 1 76 448 3
1 2 1 75 448 3
1 2 1 75 448 3
1 2 1 75 449 3
1 2 1 75 449 3
1 2 1 74 449 3
1 2 1 74 449 3
1 2 1 74 450 3
1 2 1 74 450 3
1 2 1 73 450 3
1 2 1 73 450 3
1 2 1 73 451 3
1 2 1 73 451 3
1 2 1 72 451 3
1 2 1 72 451 3
1 2 1 72 452 3
1 2 1 72 452 3
1 2 1 71 452 3
1 2 1 71 452 3
1 2 1 71 453 3
1 2 1 71 453 3
1 2 1 70 453 3
1 2 1 70 453 3
1 2 1 69 453 3
1 2 1 69 453 3
1 2 1 69 454 3
1 3 0 29 370 3
1 3 0 29 370 3
1 3 0 28 370 3
1 3 0 28 370 3
1 3 0 27 370 3
1 3 0 27 370 3
1 3 0 26 369 3
1 3 0 26 369 3
1 3 0 26 368 3
1 3 0 26 368 3
1 3 0 26 367 3
1 3 0 26 367 3
1 3 0 26 366 3
1 3 0 26 366 3
1 3 0 26 365 3
1 3 0 26 365 3
1 3 0 26 364 3
1 3 0 26 364 3
1 3 0 26 363 3
1 3 0 26 363 3
1 3 0 26 362 3
1 3 0 26 362 3
1 3 0 25 362 3
1 3 0 25 362 3
1 3 0 25 361 3
1 3 0 25 361 3
1 3 0 25 360 3
1 3 0 25 360 3
1 3 0 25 359 3
1 3 0 25 359 3
1 3 0 24 358 3
1 3 0 24 358 3
1 3 0 24 357 3
1 3 0 24 357 3
1 3 0 24 356 3
1 3 0 24 356 3
1 3 0 23 355 3
1 3 0 23 355 3
1 3 0 23 354 3
1 3 0 23 354 3
1 3 0 23 353 3
1 3 0 23 353 3
1 3 0 23 352 3
1 3 0 23 352 3
1 3 0 23 351 3
1 3 0 23 351 3
1 3 0 22 350 3
1 3 0 22 350 3
1 3 0 22 349 3
1 3 0 22 349 3
1 3 0 22 348 3
1 3 0 22 348 3
1 3 0 22 347 3
1 3 0 22 347 3
1 3 0 21 346 3
1 3 0 21 346 3
1 3 0 21 345 3
1 3 0 21 345 3
1 3 0 21 344 3
1 3 0 21 344 3
1 3 0 21 343 3
1 3 0 21 343 3
1 3 0 21 342 3
1 3 0 21 342 3
1 3 0 21 341 3
1 3 0 21 341 3
1 3 0 21 340 3
1 3 0 21 340 3
1 3 0 21 339 3
1 3 0 21 339 3
1 3 0 21 338 3
1 3 0 21 338 3
1 3 0 21 337 3
1 3 0 21 337 3
1 3 0 21 336 3
1 3 0 21 336 3
1 3 0 21 335 3
1 3 0 21 335 3
1 3 0 21 334 3
1 3 0 21 334 3
1 3 0 21 333 3
1 3 0 21 333 3
1 3 0 20 332 3
1 3 0 20 332 3
1 3 0 20 331 3
1 3 0 20 331 3
1 3 0 20 330 3
1 3 0 20 330 3
1 3 0 20 329 3
1 3 0 20 329 3
1 3 0 20 328 3
1 3 0 20 328 3
1 3 0 20 327 3
1 3 0 20 327 3
1 3 0 20 326 3
1 3 0 20 326 3
1 3 0 19 325 3
1 3 0 19 325 3
1 3 0 19 324 3
1 3 0 19 324 3
1 3 0 19 323 3
1 3 0 19 323 3
1 3 0 19 322 3
1 3 0 19 322 3
1 3 0 19 321 3
1 3 0 19 321 3
1 3 0 19 320 3
1 3 0 19 320 3
1 3 0 19 319 3
1 3 0 19 319 3
1 3 0 19 318 3
1 3 0 19 318 3
1 3 0 19 317 3
1 3 0 19 317 3
1 3 0 19 316 3
1 3 0 19 316 3
1 3 0 19 315 3
1 3 0 19 315 3
1 3 0 19 314 3
1 3 0 19 314 3
1 3 0 18 313 3
1 3 0 18 313 3
1 3 0 18 312 3
1 3 0 18 312 3
1 3 0 18 311 3
1 3 0 18 311 3
1 3 0 18 310 3
1 3 0 18 310 3
1 3 0 18 309 3
1 3 0 18 309 3
1 3 0 18 308 3
1 3 0 18 308 3
1 3 0 18 307 3
1 3 0 18 307 3
1 3 0 18 306 3
1 3 0 18 306 3
1 3 0 18 305 3
1 3 0 18 305 3
1 3 0 18 304 3
1 3 0 18 304 3
1 3 0 18 303 3
1 3 0 18 303 3
1 3 0 18 302 3
1 3 0 18 302 3
1 3 0 18 301 3
1 3 0 18 301 3
1 3 0 18 300 3
1 3 0 18 300 3
1 3 0 18 299 3
1 3 0 18 299 3
1 3 0 18 298 3
1 3 0 18 298 3
1 3 0 18 297 3
1 3 0 18 297 3
1 3 0 18 296 3
1 3 0 18 296 3
1 3 0 18 295 3
1 3 0 18 295 3
1 3 0 18 294 3
1 3 0 18 294 3
1 3 0 18 293 3
1 3 0 18 293 3
1 3 0 18 292 3
1 3 0 18 292 3
1 3 0 18 291 3
1 3 0 18 291 3
1 3 0 18 290 3
1 3 0 18 290 3
1 3 0 18 289 3
1 3 0 18 289 3
1 3 0 18 288 3
1 3 0 18 288 3
1 3 0 18 287 3
1 3 0 18 287 3
1 3 0 18 286 3
1 3 0 18 286 3
1 3 0 18 285 3
1 3 0 18 285 3
1 3 0 18 284 3
1 3 0 18 284 3
1 3 0 18 283 3
1 3 0 18 283 3
1 3 0 18 282 3
1 3 0 18 282 3
1 3 0 18 281 3
1 3 0 18 281 3
1 3 0 18 280 3
1 3 0 18 280 3
1 3 0 18 279 3
1 3 0 18 279 3
1 3 0 18 278 3
1 3 0 18 278 3
1 3 0 18 277 3
1 3 0 18 277 3
1 3 0 18 276 3
1 3 0 18 276 3
1 3 0 18 275 3
1 3 0 18 275 3
1 3 0 18 274 3
1 3 0 18 274 3
1 3 0 18 273 3
1 3 0 18 273 3
1 3 0 18 272 3
1 3 0 18 272 3
1 3 0 18 271 3
1 3 0 18 271 3
1 3 0 18 270 3
1 3 0 18 270 3
1 3 0 18 269 3
1 3 0 18 269 3
1 3 0 18 268 3
1 3 0 18 268 3
1 3 0 18 267 3
1 3 0 18 267 3
1 3 0 18 266 3
1 3 0 18 266 3
1 3 0 18 265 3
1 3 0 18 265 3
1 3 0 18 264 3
1 3 0 18 264 3
1 3 0 18 263 3
1 3 0 18 263 3
1 3 0 18 262 3
1 3 0 18 262 3
1 3 0 18 261 3
1 3 0 18 261 3
1 3 0 18 260 3
1 3 0 18 260 3
1 3 0 18 259 3
1 3 0 18 259 3
1 3 0 18 258 3
1 3 0 18 258 3
1 3 0 18 257 3
1 3 0 18 257 3
1 3 0 18 256 3
1 3 0 18 256 3
1 3 0 18 255 3
1 3 0 18 255 3
1 3 0 18 254 3
1 3 0 18 254 3
1 3 0 18 253 3
1 3 0 18 253 3
1 3 0 18 252 3
1 3 0 18 252 3
1 3 0 18 251 3
1 3 0 18 251 3
1 3 0 18 250 3
1 3 0 18 250 3
1 3 0 18 249 3
1 3 0 18 249 3
1 3 0 18 248 3
1 3 0 18 248 3
1 3 0 18 247 3
1 3 0 18 247 3
1 3 0 18 246 3
1 3 0 18 246 3
1 3 0 18 245 3
1 3 0 18 245 3
1 3 0 18 244 3
1 3 0 18 244 3
1 3 0 18 243 3
1 3 0 18 243 3
1 3 0 18 242 3
1 3 0 18 242 3
1 3 0 18 241 3
1 3 0 18 241 3
1 3 0 18 240 3
1 3 0 18 240 3
1 3 0 18 239 3
1 3 0 18 239 3
1 3 0 18 238 3
1 3 0 18 238 3
1 3 0 18 237 3
1 3 0 18 237 3
1 3 0 18 236 3
1 3 0 18 236 3
1 3 0 18 235 3
1 3 0 18 235 3
1 3 0 18 234 3
1 3 0 18 234 3
1 3 0 18 233 3
1 3 0 18 233 3
1 3 0 18 232 3
1 3 0 18 232 3
1 3 0 18 231 3
1 3 0 18 231 3
1 3 0 18 230 3
1 3 0 18 230 3
1 3 0 18 229 3
1 3 0 18 229 3
1 3 0 18 228 3
1 3 0 18 228 3
1 3 0 18 227 3
1 3 0 18 227 3
1 3 0 18 226 3
1 3 0 18 226 3
1 3 0 18 225 3
1 3 0 18 225 3
1 3 0 18 224 3
1 3 0 18 224 3
1 3 0 18 223 3
1 3 0 18 223 3
1 3 0 18 222 3
1 3 0 18 222 3
1 3 0 18 221 3
1 3 0 18 221 3
1 3 0 18 220 3
1 3 0 18 220 3
1 3 0 18 219 3
1 3 0 18 219 3
1 3 0 18 218 3
1 3 0 18 218 3
1 3 0 18 217 3
1 3 0 18 217 3
1 3 0 18 216 3
1 3 0 18 216 3
1 3 0 18 215 3
1 3 0 18 215 3
1 3 0 18 214 3
1 3 0 18 214 3
1 3 0 18 213 3
1 3 0 18 213 3
1 3 0 18 212 3
1 3 0 18 212 3
1 3 0 18 211 3
1 3 0 18 211 3
1 3 0 18 210 3
1 3 0 18 210 3
1 3 0 18 209 3
1 3 0 18 209 3
1 3 0 18 208 3
1 3 0 18 208 3
1 3 0 18 207 3
1 3 0 18 207 3
1 3 0 18 206 3
1 3 0 18 206 3
1 3 0 18 205 3
1 3 0 18 205 3
1 3 0 18 204 3
1 3 0 18 204 3
1 3 0 18 203 3
1 3 0 18 203 3
1 3 0 18 202 3
1 3 0 18 202 3
1 3 0 18 201 3
1 3 0 18 201 3
1 3 0 18 200 3
1 3 0 18 200 3
1 3 0 18 199 3
1 3 0 18 199 3
1 3 0 18 198 3
1 3 0 18 198 3
1 3 0 18 197 3
1 3 0 18 197 3
1 3 0 18 196 3
1 3 0 18 196 3
1 3 0 18 195 3
1 3 0 18 195 3
1 3 0 18 194 3
1 3 0 18 194 3
1 3 0 18 193 3
1 3 0 18 193 3
1 3 0 18 192 3
1 3 0 18 192 3
1 3 0 18 191 3
1 3 0 18 191 3
1 3 0 17 190 3
1 3 0 17 190 3
1 3 0 17 189 3
1 3 0 17 189 3
1 3 0 17 188 3
1 3 0 17 188 3
1 3 0 17 187 3
1 3 0 17 187 3
1 3 0 17 186 3
1 3 0 17 186 3
1 3 0 17 185 3
1 3 0 17 185 3
1 3 0 17 184 3
1 3 0 17 184 3
1 3 0 17 183 3
1 3 0 17 183 3
1 3 0 17 182 3
1 3 0 17 182 3
1 3 0 17 181 3
1 3 0 17 181 3
1 3 0 17 180 3
1 3 0 17 180 3
1 3 0 16 179 3
1 3 0 16 179 3
1 3 0 16 178 3
1 3 0 16 178 3
1 3 0 16 177 3
1 3 0 16 177 3
1 3 0 16 176 3
1 3 0 16 176 3
1 3 0 16 175 3
1 3 0 16 175 3
1 3 0 16 174 3
1 3 0 16 174 3
1 3 0 16 173 3
1 3 0 16 173 3
1 3 0 16 172 3
1 3 0 16 172 3
1 3 0 16 171 3
1 3 0 16 171 3
1 3 0 16 170 3
1 3 0 16 170 3
1 3 0 16 169 3
1 3 0 16 169 3
1 3 0 16 168 3
1 3 0 16 168 3
1 3 0 16 167 3
1 3 0 16 167 3
1 3 0 17 167 3
1 3 0 17 167 3
1 3 0 17 166 3
1 3 0 17 166 3
1 3 0 17 165 3
1 3 0 17 165 3
1 3 0 17 164 3
1 3 0 17 164 3
1 3 0 17 163 3
1 3 0 17 163 3
1 3 0 17 162 3
1 3 0 17 162 3
1 3 0 17 161 3
1 3 0 17 161 3
1 3 0 17 160 3
1 3 0 17 160 3
1 3 0 17 159 3
1 3 0 17 159 3
1 3 0 17 158 3
